T_insertion	T_quick	T_merge	T_heap	T_combination
4.00000004674439e-06	9.999999974752427e-07	1.9999999949504854e-06	1.9999999949504854e-06	1.9999999949504854e-06
1.9999999949504854e-06	2.0000000517939043e-06	9.999999974752427e-07	9.999999974752427e-07	9.999999974752427e-07
5.999999984851456e-06	1.9999999949504854e-06	3.999999989900971e-06	9.999999974752427e-07	9.999999974752427e-07
4.9999999873762135e-06	9.999999974752427e-07	1.9999999949504854e-06	3.999999989900971e-06	2.999999992425728e-06
4.9999999873762135e-06	4.9999999873762135e-06	4.9999999873762135e-06	5.999999984851456e-06	6.999999982326699e-06
1.9999999949504854e-06	2.999999992425728e-06	9.999999974752427e-07	1.9999999949504854e-06	1.9999999949504854e-06
1.9999999949504854e-06	9.999999974752427e-07	1.9999999949504854e-06	9.999999974752427e-07	9.999999974752427e-07
1.9999999949504854e-06	9.999999974752427e-07	1.9999999949504854e-06	2.999999992425728e-06	9.999999974752427e-07
5.999999984851456e-06	9.999999974752427e-07	1.9999999949504854e-06	9.999999974752427e-07	9.999999974752427e-07
6.999999982326699e-06	2.999999992425728e-06	2.999999992425728e-06	4.9999999873762135e-06	4.9999999873762135e-06
9.999999974752427e-07	1.9999999949504854e-06	1.9999999949504854e-06	1.9999999949504854e-06	9.999999974752427e-07
9.999999974752427e-07	1.9999999949504854e-06	1.9999999949504854e-06	1.9999999949504854e-06	9.999999974752427e-07
5.999999984851456e-06	2.999999992425728e-06	3.999999989900971e-06	3.999999989900971e-06	2.999999992425728e-06
7.000000096013537e-06	5.999999984851456e-06	4.9999999873762135e-06	4.9999999873762135e-06	1.9999999949504854e-06
5.999999984851456e-06	5.999999984851456e-06	4.9999999873762135e-06	5.999999984851456e-06	7.999999979801942e-06
1.9999999949504854e-06	9.999999974752427e-07	9.999999974752427e-07	9.999999974752427e-07	9.999999974752427e-07
9.999999974752427e-07	9.999999974752427e-07	9.999999974752427e-07	1.9999999949504854e-06	9.999999974752427e-07
6.999999982326699e-06	9.999999974752427e-07	2.999999992425728e-06	1.9999999949504854e-06	1.9999999949504854e-06
5.999999984851456e-06	4.9999999873762135e-06	1.9999999949504854e-06	3.999999989900971e-06	9.999999974752427e-07
6.999999982326699e-06	2.999999992425728e-06	2.999999992425728e-06	4.9999999873762135e-06	6.999999982326699e-06
9.999999974752427e-07	9.999999974752427e-07	1.9999999949504854e-06	1.9999999949504854e-06	4.9999999873762135e-06
9.999999974752427e-07	9.999999974752427e-07	1.9999999949504854e-06	1.9999999949504854e-06	9.999999974752427e-07
9.999999974752427e-07	1.9999999949504854e-06	1.9999999949504854e-06	9.999999974752427e-07	9.999999974752427e-07
4.9999999873762135e-06	1.9999999949504854e-06	2.999999992425728e-06	2.999999992425728e-06	1.9999999949504854e-06
5.999999984851456e-06	5.000000101063051e-06	3.999999989900971e-06	5.999999984851456e-06	5.999999984851456e-06
2.999999992425728e-06	9.999999974752427e-07	9.999999974752427e-07	1.9999999949504854e-06	9.999999974752427e-07
9.999999974752427e-07	9.999999974752427e-07	9.999999974752427e-07	9.999999974752427e-07	9.999999974752427e-07
1.5999999959603883e-05	4.9999999873762135e-06	1.9999999949504854e-06	7.999999979801942e-06	3.000000106112566e-06
5.999999984851456e-06	3.999999989900971e-06	4.9999999873762135e-06	4.9999999873762135e-06	4.9999999873762135e-06
4.9999999873762135e-06	4.9999999873762135e-06	3.000000106112566e-06	4.9999999873762135e-06	4.9999999873762135e-06
9.999999974752427e-07	9.999999974752427e-07	9.999999974752427e-07	9.999999974752427e-07	1.9999999949504854e-06
1.9999999949504854e-06	9.999999974752427e-07	1.9999999949504854e-06	4.9999999873762135e-06	2.999999992425728e-06
4.9999999873762135e-06	9.999999974752427e-07	2.999999992425728e-06	4.9999999873762135e-06	2.999999992425728e-06
1.900000006571645e-05	4.9999999873762135e-06	4.9999999873762135e-06	4.9999999873762135e-06	3.999999989900971e-06
6.999999982326699e-06	4.9999999873762135e-06	4.9999999873762135e-06	3.999999989900971e-06	4.9999999873762135e-06
1.9999999949504854e-06	9.999999974752427e-07	9.999999974752427e-07	1.9999999949504854e-06	9.999999974752427e-07
9.999999974752427e-07	2.000000108637323e-06	9.999999974752427e-07	1.9999999949504854e-06	9.999999974752427e-07
5.999999984851456e-06	9.999999974752427e-07	1.9999999949504854e-06	2.2000000058142177e-05	1.9999999949504854e-06
4.9999999873762135e-06	9.999999974752427e-07	4.9999999873762135e-06	4.9999999873762135e-06	3.999999989900971e-06
7.000000096013537e-06	3.999999989900971e-06	3.999999989900971e-06	3.999999989900971e-06	3.999999989900971e-06
9.999999974752427e-07	1.9999999949504854e-06	9.999999974752427e-07	9.999999974752427e-07	1.9999999949504854e-06
1.9999999949504854e-06	9.999999974752427e-07	9.999999974752427e-07	9.999999974752427e-07	1.9999999949504854e-06
5.999999984851456e-06	9.999999974752427e-07	9.999999974752427e-07	4.0000001035878086e-06	9.999999974752427e-07
6.999999982326699e-06	3.999999989900971e-06	1.0000000088439265e-05	3.999999989900971e-06	3.999999989900971e-06
6.999999982326699e-06	3.999999989900971e-06	3.000000106112566e-06	2.999999992425728e-06	9.999999974752427e-07
9.999999974752427e-07	1.9999999949504854e-06	1.9999999949504854e-06	9.999999974752427e-07	9.999999974752427e-07
1.9999999949504854e-06	9.999999974752427e-07	9.999999974752427e-07	9.999999974752427e-07	9.999999974752427e-07
9.999999974752427e-07	9.999999974752427e-07	2.000000108637323e-06	9.999999974752427e-07	9.999999974752427e-07
1.9999999949504854e-06	9.999999974752427e-07	9.999999974752427e-07	1.9999999949504854e-06	9.999999974752427e-07
5.999999984851456e-06	4.9999999873762135e-06	3.999999989900971e-06	4.9999999873762135e-06	5.999999984851456e-06
1.9999999949504854e-06	9.999999974752427e-07	1.9999999949504854e-06	1.9999999949504854e-06	1.9999999949504854e-06
9.999999974752427e-07	9.999999974752427e-07	9.999999974752427e-07	1.9999999949504854e-06	9.999999974752427e-07
3.999999989900971e-06	2.999999992425728e-06	9.999999974752427e-07	1.9999999949504854e-06	1.9999999949504854e-06
2.999999992425728e-06	1.9999999949504854e-06	9.999999974752427e-07	1.9999999949504854e-06	2.999999992425728e-06
4.9999999873762135e-06	2.999999992425728e-06	6.000000098538294e-06	4.9999999873762135e-06	5.999999984851456e-06
1.9999999949504854e-06	9.999999974752427e-07	1.9999999949504854e-06	9.999999974752427e-07	9.999999974752427e-07
9.999999974752427e-07	9.999999974752427e-07	9.999999974752427e-07	1.9999999949504854e-06	9.999999974752427e-07
4.9999999873762135e-06	9.999999974752427e-07	9.999999974752427e-07	1.9999999949504854e-06	1.9999999949504854e-06
5.999999984851456e-06	9.999999974752427e-07	1.9999999949504854e-06	2.000000108637323e-06	1.9999999949504854e-06
6.999999982326699e-06	2.999999992425728e-06	2.999999992425728e-06	3.999999989900971e-06	9.999999974752427e-07
1.9999999949504854e-06	9.999999974752427e-07	9.999999974752427e-07	9.999999974752427e-07	9.999999974752427e-07
1.9999999949504854e-06	9.999999974752427e-07	9.999999974752427e-07	1.9999999949504854e-06	1.9999999949504854e-06
9.999999974752427e-07	9.999999974752427e-07	9.999999974752427e-07	4.0000001035878086e-06	9.999999974752427e-07
2.000000108637323e-06	1.9999999949504854e-06	9.999999974752427e-07	9.999999974752427e-07	9.999999974752427e-07
6.999999982326699e-06	9.999999974752427e-07	3.999999989900971e-06	4.9999999873762135e-06	4.9999999873762135e-06
2.999999992425728e-06	1.9999999949504854e-06	9.999999974752427e-07	9.999999974752427e-07	1.9999999949504854e-06
3.999999989900971e-06	9.999999974752427e-07	9.999999974752427e-07	1.9999999949504854e-06	9.999999974752427e-07
5.999999984851456e-06	2.999999992425728e-06	3.999999989900971e-06	4.9999999873762135e-06	2.999999992425728e-06
4.9999999873762135e-06	2.999999992425728e-06	4.9999999873762135e-06	1.099999997222767e-05	2.999999992425728e-06
5.999999984851456e-06	3.999999989900971e-06	2.999999992425728e-06	4.9999999873762135e-06	2.999999992425728e-06
9.999999974752427e-07	9.999999974752427e-07	9.999999974752427e-07	9.999999974752427e-07	1.9999999949504854e-06
1.9999999949504854e-06	9.999999974752427e-07	9.999999974752427e-07	1.9999999949504854e-06	9.999999974752427e-07
9.999999974752427e-07	9.999999974752427e-07	2.000000108637323e-06	9.999999974752427e-07	9.999999974752427e-07
1.9999999949504854e-06	9.999999974752427e-07	1.9999999949504854e-06	9.999999974752427e-07	9.999999974752427e-07
5.999999984851456e-06	1.9999999949504854e-06	1.9999999949504854e-06	3.999999989900971e-06	3.000000106112566e-06
9.999999974752427e-07	9.999999974752427e-07	1.9999999949504854e-06	1.9999999949504854e-06	1.9999999949504854e-06
1.9999999949504854e-06	9.999999974752427e-07	1.9999999949504854e-06	9.999999974752427e-07	9.999999974752427e-07
9.999999974752427e-07	9.999999974752427e-07	9.999999974752427e-07	1.9999999949504854e-06	9.999999974752427e-07
9.999999974752427e-07	9.999999974752427e-07	1.9999999949504854e-06	9.999999974752427e-07	9.999999974752427e-07
6.999999982326699e-06	1.9999999949504854e-06	1.9999999949504854e-06	4.9999999873762135e-06	9.999999974752427e-07
9.999999974752427e-07	9.999999974752427e-07	1.9999999949504854e-06	9.999999974752427e-07	9.999999974752427e-07
9.999999974752427e-07	1.9999999949504854e-06	1.9999999949504854e-06	9.999999974752427e-07	9.999999974752427e-07
2.999999992425728e-06	1.9999999949504854e-06	1.9999999949504854e-06	9.999999974752427e-07	9.999999974752427e-07
1.9999999949504854e-06	1.9999999949504854e-06	9.999999974752427e-07	1.9999999949504854e-06	9.999999974752427e-07
8.00000009348878e-06	2.999999992425728e-06	1.9999999949504854e-06	4.9999999873762135e-06	2.999999992425728e-06
1.9999999949504854e-06	1.9999999949504854e-06	9.999999974752427e-07	1.9999999949504854e-06	9.999999974752427e-07
9.999999974752427e-07	1.9999999949504854e-06	9.999999974752427e-07	9.999999974752427e-07	9.999999974752427e-07
1.9999999949504854e-06	1.9999999949504854e-06	1.9999999949504854e-06	9.999999974752427e-07	9.999999974752427e-07
4.9999999873762135e-06	9.999999974752427e-07	9.999999974752427e-07	9.999999974752427e-07	1.9999999949504854e-06
5.999999984851456e-06	2.999999992425728e-06	2.999999992425728e-06	4.9999999873762135e-06	1.9999999949504854e-06
1.9999999949504854e-06	9.999999974752427e-07	9.999999974752427e-07	9.999999974752427e-07	9.999999974752427e-07
9.999999974752427e-07	9.999999974752427e-07	9.999999974752427e-07	9.999999974752427e-07	1.9999999949504854e-06
9.999999974752427e-07	1.0000001111620804e-06	9.999999974752427e-07	1.9999999949504854e-06	1.9999999949504854e-06
1.9999999949504854e-06	1.9999999949504854e-06	9.999999974752427e-07	2.999999992425728e-06	1.9999999949504854e-06
5.999999984851456e-06	3.999999989900971e-06	1.9999999949504854e-06	3.999999989900971e-06	2.999999992425728e-06
9.999999974752427e-07	1.9999999949504854e-06	1.9999999949504854e-06	9.999999974752427e-07	9.999999974752427e-07
9.999999974752427e-07	9.999999974752427e-07	9.999999974752427e-07	9.999999974752427e-07	9.999999974752427e-07
9.999999974752427e-07	9.999999974752427e-07	9.999999974752427e-07	9.999999974752427e-07	9.999999974752427e-07
1.9999999949504854e-06	9.999999974752427e-07	1.9999999949504854e-06	1.9999999949504854e-06	9.999999974752427e-07
7.000000096013537e-06	2.999999992425728e-06	1.9999999949504854e-06	4.9999999873762135e-06	1.9999999949504854e-06
