T_insertion	T_quick	T_merge	T_heap	T_combination
4.999999999810711e-06	1.000000000139778e-06	1.000000000139778e-06	5.999999999950489e-06	2.0000000000131024e-05
7.000000000090267e-06	1.9999999998354667e-06	1.000000000139778e-06	5.999999999950489e-06	4.000000000115023e-06
4.000000000115023e-06	1.9999999998354667e-06	2.9999999999752447e-06	2.9999999999752447e-06	2.9999999999752447e-06
4.999999999810711e-06	1.9999999998354667e-06	1.000000000139778e-06	2.9999999999752447e-06	1.9999999998354667e-06
4.000000000115023e-06	1.000000000139778e-06	1.9999999998354667e-06	9.999999996956888e-07	1.000000000139778e-06
2.000000000279556e-06	1.000000000139778e-06	9.999999996956888e-07	2.000000000279556e-06	2.000000000279556e-06
1.000000000139778e-06	1.9999999998354667e-06	1.000000000139778e-06	1.9999999998354667e-06	2.000000000279556e-06
4.000000000115023e-06	9.999999996956888e-07	2.000000000279556e-06	1.9999999998354667e-06	1.9999999998354667e-06
1.000000000139778e-06	1.9999999998354667e-06	1.000000000139778e-06	1.000000000139778e-06	9.999999996956888e-07
1.000000000139778e-06	1.000000000139778e-06	1.9999999998354667e-06	1.000000000139778e-06	3.9999999996709334e-06
4.999999999810711e-06	2.9999999999752447e-06	5.000000000254801e-06	3.9999999996709334e-06	4.999999999810711e-06
4.000000000115023e-06	1.000000000139778e-06	2.9999999999752447e-06	5.999999999950489e-06	1.9999999998354667e-06
7.000000000090267e-06	4.000000000115023e-06	4.999999999810711e-06	4.999999999810711e-06	5.999999999950489e-06
7.000000000090267e-06	3.000000000419334e-06	4.000000000115023e-06	4.999999999810711e-06	1.9999999998354667e-06
5.999999999950489e-06	1.000000000139778e-06	4.999999999810711e-06	8.000000000230045e-06	9.000000000369823e-06
5.999999999950489e-06	1.9999999998354667e-06	4.999999999810711e-06	5.999999999950489e-06	5.000000000254801e-06
7.999999999785956e-06	7.000000000090267e-06	4.999999999810711e-06	1.100000000020529e-05	4.000000000115023e-06
1.0000000000065512e-05	1.0000000000065512e-05	4.999999999810711e-06	5.999999999950489e-06	4.000000000115023e-06
5.999999999950489e-06	5.000000000254801e-06	1.9999999998354667e-06	5.000000000254801e-06	2.9999999999752447e-06
7.000000000090267e-06	2.9999999999752447e-06	1.000000000139778e-06	4.999999999810711e-06	1.000000000139778e-06
9.999999999621423e-06	4.999999999810711e-06	4.999999999810711e-06	5.000000000254801e-06	6.000000000394579e-06
5.999999999950489e-06	1.000000000139778e-06	1.000000000139778e-06	1.1999999999900979e-05	1.9999999998354667e-06
4.999999999810711e-06	1.9999999998354667e-06	4.999999999810711e-06	1.3999999999736445e-05	4.999999999810711e-06
4.999999999810711e-06	1.9999999998354667e-06	2.9999999999752447e-06	4.999999999810711e-06	2.9999999999752447e-06
5.999999999950489e-06	4.000000000115023e-06	4.999999999810711e-06	4.999999999810711e-06	4.000000000115023e-06
5.999999999950489e-06	1.000000000139778e-06	9.999999996956888e-07	5.000000000254801e-06	9.999999996956888e-07
7.000000000090267e-06	9.999999996956888e-07	4.000000000115023e-06	4.999999999810711e-06	3.9999999996709334e-06
5.000000000254801e-06	1.000000000139778e-06	1.9999999998354667e-06	4.000000000115023e-06	2.9999999999752447e-06
4.999999999810711e-06	1.000000000139778e-06	1.9999999998354667e-06	3.9999999996709334e-06	9.999999996956888e-07
4.000000000115023e-06	1.000000000139778e-06	9.999999996956888e-07	5.999999999950489e-06	1.9999999998354667e-06
4.000000000115023e-06	2.9999999999752447e-06	5.000000000254801e-06	5.999999999950489e-06	2.9999999999752447e-06
5.999999999950489e-06	4.000000000115023e-06	5.999999999950489e-06	4.999999999810711e-06	1.000000000139778e-06
5.999999999950489e-06	1.000000000139778e-06	1.9999999998354667e-06	2.9999999999752447e-06	1.9999999998354667e-06
5.000000000254801e-06	1.9999999998354667e-06	9.999999996956888e-07	2.9999999999752447e-06	2.000000000279556e-06
5.999999999950489e-06	1.000000000139778e-06	1.000000000139778e-06	9.999999996956888e-07	2.9999999999752447e-06
7.000000000090267e-06	4.000000000115023e-06	5.000000000254801e-06	4.999999999810711e-06	2.9999999999752447e-06
7.000000000090267e-06	1.9999999998354667e-06	2.9999999999752447e-06	4.999999999810711e-06	2.000000000279556e-06
5.999999999950489e-06	4.000000000115023e-06	4.999999999810711e-06	6.999999999646178e-06	1.9999999998354667e-06
7.000000000090267e-06	2.9999999999752447e-06	4.000000000115023e-06	4.999999999810711e-06	4.000000000115023e-06
4.999999999810711e-06	9.999999996956888e-07	2.9999999999752447e-06	5.000000000254801e-06	5.999999999950489e-06
4.999999999810711e-06	3.9999999996709334e-06	2.9999999999752447e-06	4.000000000115023e-06	2.9999999999752447e-06
4.999999999810711e-06	2.9999999999752447e-06	2.9999999999752447e-06	5.000000000254801e-06	1.000000000139778e-06
6.999999999646178e-06	2.9999999999752447e-06	2.9999999999752447e-06	2.000000000279556e-06	1.9999999998354667e-06
5.000000000254801e-06	2.9999999999752447e-06	5.000000000254801e-06	5.999999999950489e-06	1.000000000139778e-06
4.000000000115023e-06	3.000000000419334e-06	7.000000000090267e-06	4.999999999810711e-06	1.9999999998354667e-06
5.999999999950489e-06	1.000000000139778e-06	1.9999999998354667e-06	5.000000000254801e-06	5.000000000254801e-06
5.000000000254801e-06	2.000000000279556e-06	1.000000000139778e-06	4.000000000115023e-06	4.999999999810711e-06
4.000000000115023e-06	2.000000000279556e-06	2.9999999999752447e-06	4.999999999810711e-06	5.999999999950489e-06
6.999999999646178e-06	2.9999999999752447e-06	3.9999999996709334e-06	4.999999999810711e-06	2.000000000279556e-06
1.8999999999991246e-05	5.999999999950489e-06	4.000000000115023e-06	3.9999999996709334e-06	1.000000000139778e-06
7.999999999785956e-06	2.9999999999752447e-06	1.000000000139778e-06	4.999999999810711e-06	1.9999999998354667e-06
4.999999999810711e-06	1.000000000139778e-06	1.9999999998354667e-06	4.999999999810711e-06	1.9999999998354667e-06
7.000000000090267e-06	3.9999999996709334e-06	2.9999999999752447e-06	7.000000000090267e-06	1.0000000000065512e-05
5.000000000254801e-06	1.9999999998354667e-06	1.9999999998354667e-06	4.999999999810711e-06	2.9999999999752447e-06
4.999999999810711e-06	1.000000000139778e-06	4.999999999810711e-06	4.999999999810711e-06	4.000000000115023e-06
4.999999999810711e-06	9.999999996956888e-07	2.9999999999752447e-06	5.000000000254801e-06	2.000000000279556e-06
5.000000000254801e-06	1.000000000139778e-06	5.000000000254801e-06	4.000000000115023e-06	1.9999999998354667e-06
5.999999999950489e-06	1.000000000139778e-06	2.9999999999752447e-06	5.999999999950489e-06	1.000000000139778e-06
5.999999999950489e-06	2.9999999999752447e-06	1.9999999998354667e-06	2.9999999999752447e-06	9.999999996956888e-07
5.999999999950489e-06	1.000000000139778e-06	1.000000000139778e-06	2.000000000279556e-06	1.000000000139778e-06
5.999999999950489e-06	1.9999999998354667e-06	2.000000000279556e-06	5.000000000254801e-06	9.999999996956888e-07
2.000000000279556e-06	2.9999999999752447e-06	4.999999999810711e-06	3.9999999996709334e-06	2.9999999999752447e-06
5.000000000254801e-06	2.9999999999752447e-06	1.000000000139778e-06	4.000000000115023e-06	2.9999999999752447e-06
5.999999999950489e-06	1.000000000139778e-06	1.000000000139778e-06	2.9999999999752447e-06	1.9999999998354667e-06
5.999999999950489e-06	9.999999996956888e-07	1.000000000139778e-06	2.9999999999752447e-06	1.000000000139778e-06
5.000000000254801e-06	9.999999996956888e-07	1.000000000139778e-06	4.000000000115023e-06	1.9999999998354667e-06
7.000000000090267e-06	1.9999999998354667e-06	1.0000000000065512e-05	9.999999996956888e-07	9.999999996956888e-07
6.999999999646178e-06	1.000000000139778e-06	9.999999996956888e-07	2.9999999999752447e-06	5.000000000254801e-06
3.9999999996709334e-06	2.9999999999752447e-06	1.000000000139778e-06	4.000000000115023e-06	1.9999999998354667e-06
4.999999999810711e-06	1.9999999998354667e-06	2.9999999999752447e-06	5.999999999950489e-06	1.9999999998354667e-06
5.999999999950489e-06	9.999999996956888e-07	2.000000000279556e-06	4.999999999810711e-06	1.9999999998354667e-06
2.9999999999752447e-06	1.000000000139778e-06	2.000000000279556e-06	4.999999999810711e-06	2.000000000279556e-06
4.000000000115023e-06	2.000000000279556e-06	3.9999999996709334e-06	2.000000000279556e-06	1.9999999998354667e-06
2.9999999999752447e-06	4.000000000115023e-06	9.999999996956888e-07	2.9999999999752447e-06	2.000000000279556e-06
7.000000000090267e-06	1.9999999998354667e-06	1.000000000139778e-06	1.9999999998354667e-06	2.000000000279556e-06
5.000000000254801e-06	1.9999999998354667e-06	1.000000000139778e-06	2.9999999999752447e-06	2.000000000279556e-06
8.999999999925734e-06	2.000000000279556e-06	1.9999999998354667e-06	5.000000000254801e-06	4.000000000115023e-06
5.999999999950489e-06	1.000000000139778e-06	1.000000000139778e-06	9.999999996956888e-07	4.999999999810711e-06
5.999999999950489e-06	9.999999996956888e-07	1.9999999998354667e-06	2.9999999999752447e-06	3.9999999996709334e-06
5.000000000254801e-06	1.9999999998354667e-06	1.000000000139778e-06	4.000000000115023e-06	2.000000000279556e-06
3.9999999996709334e-06	1.9999999998354667e-06	2.000000000279556e-06	5.000000000254801e-06	1.9999999998354667e-06
4.999999999810711e-06	1.000000000139778e-06	2.9999999999752447e-06	7.999999999785956e-06	7.000000000090267e-06
7.999999999785956e-06	4.000000000115023e-06	2.000000000279556e-06	5.999999999950489e-06	2.000000000279556e-06
1.1999999999900979e-05	3.9999999996709334e-06	1.9999999998354667e-06	5.999999999950489e-06	1.9999999998354667e-06
1.100000000020529e-05	1.000000000139778e-06	9.999999996956888e-07	5.999999999950489e-06	3.9999999996709334e-06
5.999999999950489e-06	5.000000000254801e-06	2.9999999999752447e-06	5.999999999950489e-06	4.000000000559112e-06
5.999999999950489e-06	3.000000000419334e-06	2.9999999995311555e-06	3.9999999996709334e-06	1.9999999993913775e-06
5.00000000069889e-06	3.000000000419334e-06	2.000000000279556e-06	4.999999999810711e-06	9.999999992515995e-07
5.00000000069889e-06	1.000000000139778e-06	9.999999992515995e-07	2.000000000279556e-06	2.000000000279556e-06
3.9999999996709334e-06	2.000000000279556e-06	2.000000000279556e-06	1.000000000139778e-06	2.000000000279556e-06
2.000000000279556e-06	9.999999992515995e-07	1.000000000139778e-06	5.00000000069889e-06	1.000000000139778e-06
3.9999999996709334e-06	2.000000000279556e-06	3.000000000419334e-06	5.00000000069889e-06	2.000000000279556e-06
2.9999999995311555e-06	1.000000000139778e-06	1.000000000139778e-06	2.000000000279556e-06	1.000000000139778e-06
2.000000000279556e-06	2.000000000279556e-06	2.000000000279556e-06	2.000000000279556e-06	1.9999999993913775e-06
2.000000000279556e-06	2.000000000279556e-06	1.000000000139778e-06	2.000000000279556e-06	1.9999999993913775e-06
4.000000000559112e-06	1.000000000139778e-06	1.000000000139778e-06	1.9999999993913775e-06	1.000000000139778e-06
3.000000000419334e-06	1.000000000139778e-06	2.000000000279556e-06	2.9999999995311555e-06	1.000000000139778e-06
1.000000000139778e-06	9.999999992515995e-07	1.000000000139778e-06	1.9999999993913775e-06	2.000000000279556e-06
7.000000000090267e-06	2.000000000279556e-06	2.000000000279556e-06	3.499999999956316e-05	9.999999992515995e-07
1.9999999993913775e-06	1.9999999993913775e-06	1.000000000139778e-06	5.999999999950489e-06	3.000000000419334e-06
