T_insertion	T_quick	T_merge	T_heap	T_combination
5.000000000032756e-06	7.000000000090267e-06	9.999999999177334e-07	3.0000000001972893e-06	1.9999999998354667e-06
5.999999999950489e-06	1.000000000139778e-06	9.999999999177334e-07	3.999999999892978e-06	6.999999999868223e-06
2.0000000000575113e-06	2.0000000000575113e-06	5.000000000032756e-06	1.9999999998354667e-06	9.999999999177334e-07
7.000000000090267e-06	2.0000000000575113e-06	2.0000000000575113e-06	2.9999999999752447e-06	1.000000000139778e-06
3.999999999892978e-06	2.0000000000575113e-06	2.0000000000575113e-06	2.9999999999752447e-06	9.999999999177334e-07
9.999999999177334e-07	2.0000000000575113e-06	5.999999999950489e-06	3.999999999892978e-06	2.0000000000575113e-06
5.000000000032756e-06	2.0000000000575113e-06	2.0000000000575113e-06	5.999999999950489e-06	2.0000000000575113e-06
9.999999999177334e-07	2.0000000000575113e-06	3.999999999892978e-06	4.000000000115023e-06	1.000000000139778e-06
2.0000000000575113e-06	2.9000000000056758e-05	2.0000000000575113e-06	2.0000000000575113e-06	2.0000000000575113e-06
9.999999999177334e-07	9.999999999177334e-07	1.000000000139778e-06	9.999999999177334e-07	2.0000000000575113e-06
9.999999999177334e-07	2.0000000000575113e-06	2.0000000000575113e-06	2.0000000000575113e-06	9.999999999177334e-07
9.999999999177334e-07	1.000000000139778e-06	9.999999999177334e-07	1.000000000139778e-06	9.999999999177334e-07
1.9999999998354667e-06	1.000000000139778e-06	2.0000000000575113e-06	2.0000000000575113e-06	2.0000000000575113e-06
5.999999999950489e-06	2.0000000000575113e-06	2.0000000000575113e-06	1.9999999998354667e-06	1.000000000139778e-06
2.0000000000575113e-06	1.000000000139778e-06	1.000000000139778e-06	8.999999999925734e-06	2.0000000000575113e-06
9.999999999177334e-07	9.999999999177334e-07	2.0000000000575113e-06	9.999999999177334e-07	1.000000000139778e-06
1.000000000139778e-06	1.000000000139778e-06	1.000000000139778e-06	1.9999999998354667e-06	2.0000000000575113e-06
1.000000000139778e-06	9.999999999177334e-07	9.999999999177334e-07	9.999999999177334e-07	1.000000000139778e-06
1.000000000139778e-06	1.000000000139778e-06	9.999999999177334e-07	9.999999999177334e-07	2.0000000000575113e-06
9.999999999177334e-07	9.999999999177334e-07	2.0000000000575113e-06	2.9999999999752447e-06	1.000000000139778e-06
1.000000000139778e-06	1.000000000139778e-06	9.999999999177334e-07	9.999999999177334e-07	1.000000000139778e-06
9.999999999177334e-07	9.999999999177334e-07	2.0000000000575113e-06	9.999999999177334e-07	9.999999999177334e-07
2.0000000000575113e-06	1.9999999998354667e-06	9.999999999177334e-07	9.999999999177334e-07	1.9999999998354667e-06
1.000000000139778e-06	1.000000000139778e-06	9.999999999177334e-07	1.000000000139778e-06	1.000000000139778e-06
9.999999999177334e-07	9.999999999177334e-07	1.000000000139778e-06	9.999999999177334e-07	9.999999999177334e-07
2.0000000000575113e-06	1.000000000139778e-06	2.0000000000575113e-06	1.9999999998354667e-06	1.000000000139778e-06
9.999999999177334e-07	1.000000000139778e-06	9.999999999177334e-07	2.9999999999752447e-06	1.9999999998354667e-06
2.0000000000575113e-06	2.0000000000575113e-06	2.0000000000575113e-06	9.999999999177334e-07	1.000000000139778e-06
9.999999999177334e-07	9.999999999177334e-07	9.999999999177334e-07	9.999999999177334e-07	1.9999999998354667e-06
9.999999999177334e-07	9.999999999177334e-07	1.000000000139778e-06	9.999999999177334e-07	9.999999999177334e-07
9.999999999177334e-07	9.999999999177334e-07	9.999999999177334e-07	9.999999999177334e-07	2.0000000000575113e-06
9.999999999177334e-07	9.999999999177334e-07	9.999999999177334e-07	1.000000000139778e-06	1.000000000139778e-06
9.999999999177334e-07	9.999999999177334e-07	1.000000000139778e-06	2.0000000000575113e-06	1.000000000139778e-06
2.0000000000575113e-06	2.0000000000575113e-06	1.000000000139778e-06	2.0000000000575113e-06	1.9999999998354667e-06
9.999999999177334e-07	9.999999999177334e-07	2.0000000000575113e-06	9.999999999177334e-07	9.999999999177334e-07
1.000000000139778e-06	1.000000000139778e-06	1.000000000139778e-06	9.999999999177334e-07	2.0000000000575113e-06
9.999999999177334e-07	9.999999999177334e-07	2.0000000000575113e-06	1.0000000000065512e-05	1.9999999998354667e-06
2.9999999999752447e-06	2.9999999999752447e-06	1.9999999998354667e-06	2.0000000000575113e-06	5.000000000032756e-06
2.0000000000575113e-06	9.999999999177334e-07	1.9999999998354667e-06	2.9999999999752447e-06	9.999999999177334e-07
2.0000000000575113e-06	9.999999999177334e-07	2.0000000000575113e-06	2.9999999999752447e-06	2.9999999999752447e-06
2.0000000000575113e-06	2.0000000000575113e-06	9.999999999177334e-07	3.999999999892978e-06	2.9999999999752447e-06
5.000000000032756e-06	9.999999999177334e-07	9.999999999177334e-07	2.0000000000575113e-06	2.0000000000575113e-06
2.0000000000575113e-06	2.0000000000575113e-06	1.000000000139778e-06	2.9999999999752447e-06	6.999999999868223e-06
2.9999999999752447e-06	1.9999999998354667e-06	2.0000000000575113e-06	2.9999999999752447e-06	2.0000000000575113e-06
3.999999999892978e-06	1.9999999998354667e-06	2.0000000000575113e-06	5.999999999950489e-06	4.000000000115023e-06
6.000000000172534e-06	2.9999999999752447e-06	2.9999999999752447e-06	5.999999999950489e-06	1.000000000139778e-06
4.000000000115023e-06	1.9999999998354667e-06	2.0000000000575113e-06	4.000000000115023e-06	9.999999999177334e-07
9.000000000147779e-06	3.999999999892978e-06	4.000000000115023e-06	6.999999999868223e-06	5.000000000032756e-06
5.000000000032756e-06	3.999999999892978e-06	2.9999999999752447e-06	5.000000000032756e-06	9.999999999177334e-07
2.9999999999752447e-06	2.0000000000575113e-06	2.9999999999752447e-06	3.999999999892978e-06	2.9999999999752447e-06
5.000000000032756e-06	1.9999999998354667e-06	3.999999999892978e-06	5.000000000032756e-06	3.999999999892978e-06
3.999999999892978e-06	9.999999999177334e-07	9.999999999177334e-07	4.000000000115023e-06	2.0000000000575113e-06
3.0000000001972893e-06	9.999999999177334e-07	2.9999999999752447e-06	3.999999999892978e-06	9.999999999177334e-07
2.0000000000575113e-06	2.0000000000575113e-06	2.9999999999752447e-06	4.000000000115023e-06	3.999999999892978e-06
5.999999999950489e-06	3.999999999892978e-06	2.0000000000575113e-06	2.9999999999752447e-06	2.0000000000575113e-06
2.0000000000575113e-06	2.0000000000575113e-06	2.9999999999752447e-06	3.999999999892978e-06	2.9999999999752447e-06
2.9999999999752447e-06	2.0000000000575113e-06	4.000000000115023e-06	2.0000000000575113e-06	2.0000000000575113e-06
2.9999999999752447e-06	1.000000000139778e-06	2.0000000000575113e-06	3.999999999892978e-06	2.0000000000575113e-06
5.000000000032756e-06	2.0000000000575113e-06	2.9999999999752447e-06	5.000000000032756e-06	2.9999999999752447e-06
3.999999999892978e-06	9.999999999177334e-07	2.9999999999752447e-06	4.000000000115023e-06	2.9999999999752447e-06
5.000000000032756e-06	2.9999999999752447e-06	1.9999999998354667e-06	4.000000000115023e-06	2.0000000000575113e-06
2.9999999999752447e-06	2.0000000000575113e-06	2.9999999999752447e-06	2.9999999999752447e-06	9.999999999177334e-07
2.0000000000575113e-06	1.9999999998354667e-06	2.0000000000575113e-06	2.9999999999752447e-06	2.9999999999752447e-06
5.000000000032756e-06	2.9999999999752447e-06	2.0000000000575113e-06	2.9999999999752447e-06	3.999999999892978e-06
2.9999999999752447e-06	1.9999999998354667e-06	9.999999999177334e-07	4.000000000115023e-06	4.000000000115023e-06
5.999999999950489e-06	5.000000000032756e-06	5.000000000032756e-06	5.000000000032756e-06	3.999999999892978e-06
4.000000000115023e-06	1.000000000139778e-06	2.9999999999752447e-06	2.9999999999752447e-06	1.000000000139778e-06
2.9999999999752447e-06	1.9999999998354667e-06	1.000000000139778e-06	2.9999999999752447e-06	7.000000000090267e-06
8.000000000008e-06	2.0000000000575113e-06	4.000000000115023e-06	5.000000000032756e-06	9.999999999177334e-07
2.9999999999752447e-06	2.0000000000575113e-06	9.999999999177334e-07	2.9999999999752447e-06	9.999999999177334e-07
2.0000000000575113e-06	2.9999999999752447e-06	3.0000000001972893e-06	6.000000000172534e-06	2.9999999999752447e-06
3.999999999892978e-06	1.9999999998354667e-06	9.999999999177334e-07	2.9999999999752447e-06	9.999999999177334e-07
2.0000000000575113e-06	2.0000000000575113e-06	9.999999999177334e-07	2.9999999999752447e-06	4.999999999810711e-06
2.0000000000575113e-06	5.999999999950489e-06	2.9999999999752447e-06	2.9999999999752447e-06	5.999999999950489e-06
7.000000000090267e-06	3.999999999892978e-06	9.999999999177334e-07	6.999999999868223e-06	1.0000000000065512e-05
9.999999999177334e-07	2.9999999999752447e-06	1.000000000139778e-06	2.0000000000575113e-06	9.999999999177334e-07
2.0000000000575113e-06	9.999999999177334e-07	2.0000000000575113e-06	4.000000000115023e-06	9.999999999177334e-07
2.0000000000575113e-06	2.0000000000575113e-06	2.0000000000575113e-06	1.9999999998354667e-06	2.0000000000575113e-06
2.0000000000575113e-06	1.000000000139778e-06	2.0000000000575113e-06	3.0000000001972893e-06	9.999999999177334e-07
9.999999999177334e-07	9.999999999177334e-07	1.9999999998354667e-06	9.999999999177334e-07	2.0000000000575113e-06
9.999999999177334e-07	9.999999999177334e-07	9.999999999177334e-07	1.000000000139778e-06	2.0000000000575113e-06
9.999999999177334e-07	1.000000000139778e-06	9.999999999177334e-07	9.999999999177334e-07	9.999999999177334e-07
2.0000000000575113e-06	1.9999999998354667e-06	2.0000000000575113e-06	6.999999999868223e-06	2.0000000000575113e-06
1.9999999998354667e-06	1.000000000139778e-06	6.000000000172534e-06	5.000000000032756e-06	1.000000000139778e-06
2.0000000000575113e-06	1.9999999998354667e-06	2.0000000000575113e-06	9.999999999177334e-07	1.000000000139778e-06
9.999999999177334e-07	2.4000000000024002e-05	1.000000000139778e-06	1.000000000139778e-06	9.999999999177334e-07
1.000000000139778e-06	1.000000000139778e-06	1.000000000139778e-06	9.999999999177334e-07	9.999999999177334e-07
9.999999999177334e-07	9.999999999177334e-07	1.000000000139778e-06	1.000000000139778e-06	9.999999999177334e-07
1.000000000139778e-06	9.999999999177334e-07	2.0000000000575113e-06	2.9999999999752447e-06	7.000000000090267e-06
3.0000000001972893e-06	2.9999999999752447e-06	1.000000000139778e-06	8.000000000008e-06	3.999999999892978e-06
9.000000000147779e-06	2.0000000000575113e-06	9.999999999177334e-07	3.0000000001972893e-06	1.000000000139778e-06
9.999999999177334e-07	9.999999999177334e-07	9.999999999177334e-07	1.000000000139778e-06	1.000000000139778e-06
9.999999999177334e-07	1.000000000139778e-06	5.000000000032756e-06	2.9999999999752447e-06	2.0000000000575113e-06
1.9999999998354667e-06	2.0000000000575113e-06	9.999999999177334e-07	1.000000000139778e-06	9.999999999177334e-07
1.000000000139778e-06	9.999999999177334e-07	9.999999999177334e-07	1.000000000139778e-06	1.9999999998354667e-06
9.999999999177334e-07	1.000000000139778e-06	1.9999999998354667e-06	2.0000000000575113e-06	9.999999999177334e-07
9.999999999177334e-07	2.0000000000575113e-06	2.0000000000575113e-06	1.0000000000065512e-05	3.999999999892978e-06
3.0000000001972893e-06	9.999999999177334e-07	2.9999999999752447e-06	8.000000000008e-06	3.0000000001972893e-06
6.999999999868223e-06	9.999999999177334e-07	2.9999999999752447e-06	9.999999999177334e-07	1.000000000139778e-06
2.0000000000575113e-06	2.0000000000575113e-06	9.999999999177334e-07	1.9999999998354667e-06	1.000000000139778e-06
