A	T_merge	T_heap
[8, 16, 25, 13, 26, 20, 3, 21, 27, 17, 15, 22, 18, 19, 5]	4.000000000115023e-06	2.9999999999752447e-06
[0, 24, 17, 21, 28, 15, 22, 8, 10, 26, 4, 14, 3, 18, 6]	2.0000000000575113e-06	9.999999999177334e-07
[4, 25, 20, 12, 18, 22, 21, 7, 24, 28, 9, 8, 10, 5, 17]	2.0000000000575113e-06	1.000000000139778e-06
[11, 18, 26, 28, 19, 5, 7, 9, 24, 14, 12, 17, 13, 8, 0]	1.000000000139778e-06	9.999999999177334e-07
[22, 13, 26, 8, 20, 19, 0, 24, 17, 12, 29, 16, 14, 18, 9]	2.0000000000575113e-06	9.999999999177334e-07
[23, 21, 4, 6, 1, 22, 3, 11, 16, 29, 10, 2, 13, 27, 20]	1.9999999998354667e-06	2.0000000000575113e-06
[27, 20, 6, 23, 14, 11, 8, 17, 21, 26, 19, 5, 15, 2, 18]	2.0000000000575113e-06	9.999999999177334e-07
[27, 8, 19, 10, 14, 9, 22, 12, 1, 23, 13, 15, 5, 6, 3]	9.999999999177334e-07	2.0000000000575113e-06
[27, 9, 1, 4, 11, 21, 25, 13, 3, 23, 12, 14, 24, 6, 0]	9.999999999177334e-07	2.0000000000575113e-06
[28, 23, 26, 0, 21, 2, 29, 24, 7, 25, 15, 17, 18, 5, 13]	9.999999999177334e-07	2.0000000000575113e-06
[28, 8, 20, 9, 12, 15, 0, 27, 6, 21, 2, 16, 13, 24, 4]	0.0	9.999999999177334e-07
[28, 4, 11, 24, 5, 2, 10, 15, 14, 8, 26, 9, 3, 23, 18]	9.999999999177334e-07	9.999999999177334e-07
[16, 15, 26, 13, 1, 21, 27, 5, 7, 17, 9, 4, 2, 12, 6]	1.000000000139778e-06	2.0000000000575113e-06
[13, 17, 12, 29, 21, 28, 26, 9, 16, 5, 19, 27, 2, 8, 10]	9.999999999177334e-07	2.0000000000575113e-06
[12, 9, 28, 3, 4, 17, 6, 8, 21, 11, 24, 13, 29, 20, 5]	2.0000000000575113e-06	0.0
[28, 13, 20, 3, 5, 24, 7, 9, 19, 11, 15, 1, 22, 29, 12]	9.999999999177334e-07	0.0
[20, 11, 26, 27, 7, 19, 3, 8, 17, 9, 5, 13, 14, 2, 1]	0.0	9.999999999177334e-07
[25, 17, 12, 26, 1, 18, 28, 20, 11, 29, 6, 21, 5, 24, 7]	0.0	9.999999999177334e-07
[26, 0, 24, 3, 25, 13, 18, 6, 10, 1, 19, 27, 17, 5, 28]	0.0	1.000000000139778e-06
[4, 22, 0, 27, 25, 15, 2, 20, 3, 9, 16, 19, 1, 10, 6]	0.0	0.0
[26, 21, 18, 24, 10, 29, 5, 13, 16, 17, 2, 28, 1, 22, 20]	2.0000000000575113e-06	0.0
[21, 0, 13, 17, 20, 1, 18, 5, 23, 24, 14, 27, 4, 7, 6]	0.0	0.0
[18, 21, 27, 10, 25, 1, 7, 23, 12, 15, 29, 26, 24, 19, 28]	9.999999999177334e-07	1.9999999998354667e-06
[3, 25, 28, 0, 15, 10, 4, 29, 18, 23, 14, 19, 9, 26, 2]	9.999999999177334e-07	9.999999999177334e-07
[3, 6, 10, 12, 7, 23, 28, 25, 2, 5, 19, 1, 17, 24, 20]	9.999999999177334e-07	1.000000000139778e-06
[20, 16, 4, 27, 11, 8, 10, 13, 19, 9, 1, 0, 14, 26, 5]	2.0000000000575113e-06	1.000000000139778e-06
[22, 9, 23, 1, 13, 6, 28, 29, 3, 19, 2, 17, 27, 25, 26]	9.999999999177334e-07	4.000000000115023e-06
[18, 28, 11, 2, 0, 4, 15, 23, 13, 19, 6, 20, 21, 26, 3]	0.0	9.999999999177334e-07
[8, 9, 18, 23, 21, 26, 10, 20, 2, 5, 11, 22, 28, 29, 16]	0.0	0.0
[3, 20, 27, 13, 4, 24, 11, 19, 7, 10, 1, 21, 8, 5, 2]	9.999999999177334e-07	0.0
[25, 9, 1, 12, 3, 10, 21, 7, 16, 18, 6, 26, 17, 0, 28]	2.0000000000575113e-06	0.0
[1, 14, 11, 2, 20, 28, 4, 9, 17, 24, 3, 27, 10, 26, 13]	1.000000000139778e-06	0.0
[23, 26, 29, 20, 6, 10, 27, 3, 7, 14, 28, 19, 1, 15, 5]	0.0	9.999999999177334e-07
[20, 21, 8, 18, 10, 28, 13, 5, 7, 22, 25, 12, 2, 16, 29]	0.0	2.0000000000575113e-06
[8, 22, 1, 10, 20, 26, 25, 16, 13, 6, 23, 9, 11, 14, 29]	0.0	1.000000000139778e-06
[3, 15, 18, 7, 25, 6, 11, 9, 23, 5, 27, 26, 16, 1, 10]	0.0	0.0
[19, 5, 13, 14, 10, 4, 22, 9, 29, 17, 15, 1, 2, 12, 6]	9.999999999177334e-07	0.0
[13, 24, 4, 11, 27, 1, 25, 15, 14, 7, 21, 19, 28, 29, 18]	1.000000000139778e-06	0.0
[21, 11, 13, 15, 14, 12, 9, 20, 25, 29, 24, 1, 27, 26, 4]	0.0	1.000000000139778e-06
[25, 14, 4, 13, 28, 10, 17, 3, 18, 29, 19, 8, 5, 11, 22]	0.0	0.0
[21, 12, 18, 23, 8, 26, 6, 2, 3, 11, 16, 17, 14, 1, 27]	9.999999999177334e-07	1.000000000139778e-06
[3, 0, 21, 28, 23, 4, 10, 2, 17, 7, 9, 29, 8, 27, 12]	1.9999999998354667e-06	1.000000000139778e-06
[20, 14, 6, 11, 8, 12, 16, 5, 17, 23, 7, 22, 4, 27, 18]	9.999999999177334e-07	0.0
[19, 5, 9, 4, 6, 15, 18, 20, 12, 8, 26, 1, 25, 29, 21]	0.0	0.0
[11, 18, 10, 21, 23, 19, 22, 9, 26, 24, 29, 27, 17, 14, 6]	9.999999999177334e-07	1.000000000139778e-06
[22, 1, 13, 28, 23, 9, 3, 17, 12, 27, 4, 6, 10, 7, 8]	1.000000000139778e-06	9.999999999177334e-07
[6, 18, 24, 11, 23, 13, 22, 7, 9, 5, 12, 25, 16, 28, 19]	9.999999999177334e-07	1.000000000139778e-06
[21, 17, 10, 8, 19, 16, 23, 6, 14, 3, 26, 24, 11, 12, 20]	0.0	0.0
[28, 12, 4, 14, 15, 24, 21, 3, 20, 5, 1, 0, 22, 26, 2]	2.0000000000575113e-06	9.999999999177334e-07
[21, 6, 3, 20, 26, 5, 4, 12, 0, 9, 14, 25, 27, 11, 18]	1.9999999998354667e-06	0.0
[4, 1, 7, 0, 19, 9, 12, 18, 26, 22, 3, 28, 15, 24, 27]	9.999999999177334e-07	9.999999999177334e-07
[21, 4, 24, 19, 16, 0, 6, 15, 8, 20, 13, 7, 18, 28, 5]	1.000000000139778e-06	0.0
[12, 21, 22, 9, 8, 15, 19, 0, 2, 28, 18, 24, 17, 3, 13]	9.999999999177334e-07	0.0
[11, 8, 1, 20, 7, 6, 14, 17, 21, 24, 9, 22, 0, 28, 15]	9.999999999177334e-07	9.999999999177334e-07
[3, 4, 23, 7, 20, 29, 22, 0, 18, 10, 1, 8, 16, 13, 25]	9.999999999177334e-07	0.0
[5, 19, 2, 20, 26, 7, 9, 8, 13, 16, 21, 6, 22, 17, 11]	2.0000000000575113e-06	0.0
[28, 22, 25, 27, 29, 3, 0, 5, 19, 1, 20, 10, 15, 9, 11]	0.0	9.999999999177334e-07
[25, 18, 16, 24, 17, 27, 20, 22, 9, 15, 11, 19, 5, 8, 4]	9.999999999177334e-07	0.0
[2, 1, 19, 8, 23, 20, 7, 22, 9, 18, 17, 0, 16, 11, 12]	0.0	0.0
[4, 16, 25, 26, 5, 20, 3, 17, 24, 10, 9, 19, 12, 7, 18]	9.999999999177334e-07	1.000000000139778e-06
[4, 7, 2, 11, 28, 1, 19, 22, 0, 12, 6, 16, 26, 21, 20]	9.999999999177334e-07	0.0
[13, 9, 24, 21, 12, 23, 7, 16, 20, 8, 27, 14, 22, 5, 11]	9.999999999177334e-07	9.999999999177334e-07
[25, 10, 15, 4, 6, 20, 16, 23, 9, 11, 26, 27, 2, 13, 3]	9.999999999177334e-07	0.0
[15, 1, 24, 17, 23, 6, 8, 26, 12, 22, 0, 18, 13, 25, 21]	1.000000000139778e-06	1.000000000139778e-06
[5, 2, 0, 27, 11, 13, 15, 7, 26, 25, 21, 8, 3, 12, 22]	0.0	9.999999999177334e-07
[24, 16, 10, 23, 8, 25, 15, 21, 0, 9, 18, 14, 3, 4, 12]	9.999999999177334e-07	0.0
[15, 8, 24, 18, 23, 22, 12, 3, 25, 11, 1, 28, 0, 13, 16]	9.999999999177334e-07	9.999999999177334e-07
[23, 16, 6, 20, 27, 15, 5, 8, 21, 9, 2, 18, 12, 10, 11]	9.999999999177334e-07	0.0
[11, 6, 17, 26, 1, 13, 9, 14, 28, 5, 27, 8, 2, 29, 23]	9.999999999177334e-07	2.0000000000575113e-06
[25, 20, 27, 21, 0, 13, 10, 28, 6, 16, 4, 26, 9, 8, 2]	0.0	9.999999999177334e-07
[25, 27, 26, 17, 22, 3, 10, 29, 0, 1, 7, 23, 9, 6, 12]	1.000000000139778e-06	1.000000000139778e-06
[10, 18, 11, 8, 13, 2, 27, 9, 28, 25, 6, 0, 20, 29, 1]	0.0	9.999999999177334e-07
[21, 14, 16, 26, 11, 10, 0, 2, 28, 7, 1, 27, 20, 17, 13]	0.0	9.999999999177334e-07
[20, 0, 26, 4, 27, 10, 12, 6, 2, 24, 17, 21, 18, 23, 5]	9.999999999177334e-07	1.000000000139778e-06
[18, 12, 20, 16, 25, 4, 27, 14, 5, 1, 21, 29, 17, 11, 15]	2.0000000000575113e-06	1.000000000139778e-06
[5, 15, 12, 27, 23, 16, 9, 14, 4, 8, 1, 20, 13, 3, 22]	0.0	9.999999999177334e-07
[21, 18, 3, 28, 20, 19, 23, 5, 17, 11, 13, 4, 25, 24, 27]	1.000000000139778e-06	9.999999999177334e-07
[28, 26, 7, 14, 0, 16, 17, 23, 27, 25, 22, 29, 24, 12, 9]	9.999999999177334e-07	9.999999999177334e-07
[0, 12, 6, 29, 18, 13, 10, 15, 21, 28, 24, 16, 7, 5, 1]	0.0	0.0
[1, 24, 7, 22, 2, 0, 16, 4, 17, 19, 20, 26, 29, 28, 11]	2.0000000000575113e-06	0.0
[25, 6, 12, 18, 11, 4, 5, 8, 7, 20, 1, 27, 16, 2, 22]	9.999999999177334e-07	0.0
[14, 2, 29, 10, 26, 18, 12, 21, 3, 28, 23, 1, 5, 6, 8]	9.999999999177334e-07	0.0
[6, 12, 5, 28, 16, 25, 3, 20, 15, 8, 14, 2, 10, 7, 17]	9.999999999177334e-07	2.0000000000575113e-06
[23, 21, 6, 15, 26, 29, 2, 3, 17, 16, 13, 11, 10, 5, 0]	1.000000000139778e-06	9.999999999177334e-07
[25, 11, 2, 10, 29, 0, 13, 21, 16, 28, 6, 17, 1, 24, 15]	9.999999999177334e-07	0.0
[26, 18, 20, 0, 16, 23, 8, 25, 29, 2, 15, 14, 27, 7, 9]	9.999999999177334e-07	9.999999999177334e-07
[15, 28, 16, 7, 24, 23, 5, 26, 13, 4, 9, 3, 8, 29, 14]	1.000000000139778e-06	1.000000000139778e-06
[28, 24, 17, 14, 29, 6, 0, 5, 2, 7, 3, 20, 11, 23, 22]	2.0000000000575113e-06	0.0
[1, 8, 22, 20, 21, 19, 2, 26, 28, 6, 24, 7, 12, 3, 14]	1.8999999999991246e-05	0.0
[21, 10, 2, 23, 25, 0, 26, 8, 7, 3, 6, 24, 11, 14, 22]	9.999999999177334e-07	2.0000000000575113e-06
[10, 22, 20, 3, 12, 24, 28, 7, 29, 0, 5, 1, 26, 4, 25]	0.0	1.000000000139778e-06
[21, 29, 0, 7, 25, 16, 24, 6, 17, 11, 12, 8, 27, 19, 28]	2.0000000000575113e-06	9.999999999177334e-07
[2, 23, 29, 5, 17, 18, 22, 7, 21, 11, 24, 13, 6, 20, 26]	9.999999999177334e-07	9.999999999177334e-07
[20, 4, 22, 23, 19, 21, 8, 10, 26, 7, 5, 27, 25, 16, 28]	9.999999999177334e-07	9.999999999177334e-07
[12, 4, 17, 8, 22, 25, 18, 9, 28, 15, 0, 27, 3, 11, 16]	0.0	9.999999999177334e-07
[3, 0, 14, 26, 12, 5, 7, 16, 13, 17, 21, 22, 1, 27, 28]	1.000000000139778e-06	1.000000000139778e-06
[18, 14, 25, 28, 17, 15, 0, 21, 23, 29, 9, 22, 24, 19, 4]	9.999999999177334e-07	9.999999999177334e-07
[5, 29, 16, 19, 3, 24, 22, 15, 21, 4, 2, 18, 26, 9, 23]	2.0000000000575113e-06	1.000000000139778e-06
[6, 7, 20, 18, 22, 29, 19, 12, 5, 24, 26, 13, 9, 0, 3]	9.999999999177334e-07	0.0
[1, 26, 12, 28, 29, 9, 4, 17, 25, 23, 18, 2, 5, 22, 11]	0.0	9.999999999177334e-07
[10, 6, 4, 8, 24, 25, 13, 26, 22, 11, 29, 28, 27, 17, 18]	9.999999999177334e-07	9.999999999177334e-07
[29, 8, 7, 12, 17, 21, 1, 14, 15, 22, 3, 11, 24, 5, 0]	0.0	9.999999999177334e-07
[2, 13, 5, 14, 3, 0, 7, 8, 26, 29, 17, 18, 24, 10, 4]	9.999999999177334e-07	0.0
[0, 13, 22, 4, 11, 19, 23, 14, 21, 1, 20, 17, 3, 26, 25]	9.999999999177334e-07	9.999999999177334e-07
[14, 15, 23, 22, 12, 3, 1, 10, 29, 5, 8, 0, 25, 18, 9]	2.0000000000575113e-06	1.000000000139778e-06
[13, 24, 7, 18, 20, 26, 27, 11, 3, 17, 10, 16, 23, 14, 0]	0.0	0.0
[7, 13, 6, 26, 18, 11, 21, 19, 14, 2, 12, 28, 3, 5, 8]	0.0	2.0000000000575113e-06
[10, 27, 1, 16, 5, 24, 29, 3, 0, 9, 18, 14, 13, 20, 7]	0.0	1.000000000139778e-06
[15, 28, 0, 16, 7, 23, 18, 2, 4, 13, 9, 29, 8, 1, 22]	9.999999999177334e-07	9.999999999177334e-07
[5, 12, 16, 3, 28, 13, 23, 25, 18, 8, 4, 10, 2, 11, 26]	1.9999999998354667e-06	9.999999999177334e-07
[19, 17, 18, 10, 14, 16, 21, 5, 27, 7, 1, 6, 0, 22, 24]	2.0000000000575113e-06	0.0
[24, 9, 26, 4, 23, 10, 21, 8, 14, 19, 27, 6, 25, 22, 11]	9.999999999177334e-07	0.0
[29, 28, 8, 12, 13, 15, 1, 20, 22, 17, 9, 2, 6, 0, 24]	9.999999999177334e-07	9.999999999177334e-07
[19, 4, 0, 9, 16, 18, 28, 21, 20, 17, 7, 3, 1, 24, 2]	9.999999999177334e-07	1.9999999998354667e-06
[1, 14, 5, 23, 28, 16, 2, 17, 15, 12, 8, 9, 19, 24, 25]	1.000000000139778e-06	9.999999999177334e-07
[13, 9, 20, 2, 16, 29, 24, 14, 6, 21, 22, 18, 3, 26, 5]	0.0	9.999999999177334e-07
[12, 14, 0, 20, 15, 29, 27, 23, 6, 24, 3, 19, 16, 17, 4]	2.0000000000575113e-06	1.000000000139778e-06
[14, 4, 27, 11, 6, 7, 13, 5, 15, 2, 0, 22, 18, 29, 3]	2.0000000000575113e-06	0.0
[15, 7, 3, 13, 6, 2, 10, 22, 1, 29, 26, 18, 17, 20, 27]	9.999999999177334e-07	0.0
[9, 12, 24, 1, 27, 3, 17, 7, 26, 14, 4, 23, 11, 20, 13]	1.000000000139778e-06	0.0
[19, 9, 0, 12, 7, 1, 4, 18, 2, 10, 5, 14, 6, 11, 16]	9.999999999177334e-07	2.0000000000575113e-06
[4, 18, 25, 10, 14, 0, 23, 3, 19, 28, 9, 6, 29, 20, 11]	9.999999999177334e-07	2.0000000000575113e-06
[9, 20, 1, 23, 6, 25, 21, 12, 11, 24, 19, 0, 10, 5, 18]	2.9999999999752447e-06	2.0000000000575113e-06
[13, 2, 22, 21, 14, 29, 6, 5, 23, 18, 24, 27, 12, 28, 11]	1.000000000139778e-06	1.000000000139778e-06
[2, 10, 26, 4, 24, 9, 25, 3, 16, 13, 12, 1, 23, 28, 19]	1.000000000139778e-06	9.999999999177334e-07
[21, 12, 22, 27, 7, 24, 28, 8, 26, 2, 6, 10, 13, 25, 20]	0.0	0.0
[29, 10, 0, 17, 18, 26, 2, 20, 15, 3, 12, 23, 1, 21, 8]	1.000000000139778e-06	0.0
[13, 29, 18, 15, 4, 22, 10, 1, 25, 0, 3, 5, 28, 26, 14]	0.0	2.9999999999752447e-06
[15, 9, 20, 5, 23, 2, 29, 6, 16, 14, 19, 3, 27, 18, 26]	2.0000000000575113e-06	9.999999999177334e-07
[8, 0, 16, 25, 4, 27, 13, 20, 23, 15, 22, 19, 24, 17, 2]	0.0	0.0
[12, 7, 28, 27, 8, 0, 29, 26, 19, 25, 21, 4, 10, 24, 23]	0.0	1.000000000139778e-06
[24, 21, 26, 7, 25, 6, 14, 5, 13, 10, 17, 9, 28, 8, 0]	0.0	1.000000000139778e-06
[24, 21, 16, 10, 7, 12, 26, 1, 5, 19, 4, 22, 6, 17, 25]	0.0	1.000000000139778e-06
[6, 17, 7, 5, 26, 28, 8, 11, 4, 18, 25, 10, 21, 20, 9]	0.0	0.0
[20, 3, 18, 6, 5, 8, 26, 7, 1, 21, 22, 29, 24, 25, 19]	1.9999999998354667e-06	0.0
[7, 6, 11, 20, 29, 22, 13, 19, 1, 8, 25, 17, 3, 26, 12]	0.0	0.0
[3, 10, 28, 15, 22, 23, 24, 12, 26, 1, 2, 27, 11, 6, 25]	9.999999999177334e-07	1.000000000139778e-06
[1, 20, 21, 3, 15, 23, 12, 28, 18, 13, 22, 27, 11, 4, 16]	1.000000000139778e-06	9.999999999177334e-07
[22, 4, 23, 25, 11, 14, 6, 13, 0, 27, 20, 15, 7, 26, 16]	0.0	9.999999999177334e-07
[1, 29, 20, 0, 23, 14, 11, 8, 15, 3, 6, 4, 26, 7, 22]	0.0	0.0
[10, 22, 18, 23, 19, 11, 3, 24, 4, 26, 13, 15, 17, 29, 5]	2.0000000000575113e-06	9.999999999177334e-07
[13, 18, 17, 5, 6, 0, 11, 22, 3, 10, 14, 25, 26, 8, 28]	2.0000000000575113e-06	9.999999999177334e-07
[8, 13, 20, 16, 0, 21, 27, 15, 25, 28, 23, 9, 4, 22, 26]	1.000000000139778e-06	0.0
[12, 23, 2, 19, 8, 21, 13, 20, 14, 28, 3, 18, 24, 17, 11]	0.0	2.0000000000575113e-06
[25, 3, 17, 5, 21, 7, 6, 18, 11, 16, 28, 9, 26, 19, 0]	0.0	9.999999999177334e-07
[25, 7, 0, 2, 9, 16, 29, 28, 12, 24, 26, 20, 23, 11, 17]	0.0	2.0000000000575113e-06
[0, 9, 4, 15, 17, 3, 7, 19, 22, 14, 6, 2, 12, 27, 25]	0.0	9.999999999177334e-07
[21, 4, 24, 11, 9, 20, 1, 5, 19, 10, 28, 18, 22, 3, 8]	2.0000000000575113e-06	0.0
[27, 0, 2, 9, 29, 25, 10, 7, 19, 23, 11, 15, 4, 5, 20]	2.0000000000575113e-06	1.000000000139778e-06
[20, 4, 5, 14, 12, 11, 10, 16, 7, 15, 19, 23, 0, 6, 17]	1.000000000139778e-06	9.999999999177334e-07
[7, 27, 25, 21, 17, 11, 15, 4, 16, 14, 5, 9, 0, 26, 2]	0.0	0.0
[20, 12, 13, 16, 10, 15, 25, 19, 18, 22, 9, 2, 23, 0, 21]	2.0000000000575113e-06	1.000000000139778e-06
[14, 5, 29, 23, 6, 27, 7, 21, 11, 17, 0, 9, 19, 12, 2]	0.0	9.999999999177334e-07
[25, 15, 6, 16, 23, 5, 24, 21, 19, 18, 20, 9, 4, 29, 12]	2.0000000000575113e-06	0.0
[9, 7, 26, 29, 22, 11, 15, 17, 6, 16, 18, 2, 4, 19, 12]	1.000000000139778e-06	0.0
[15, 10, 23, 29, 21, 1, 2, 4, 9, 6, 13, 19, 28, 25, 17]	9.999999999177334e-07	0.0
[11, 27, 2, 24, 18, 14, 7, 9, 29, 1, 21, 25, 4, 0, 16]	0.0	2.0000000000575113e-06
[26, 13, 12, 23, 14, 22, 2, 0, 16, 11, 9, 27, 28, 20, 7]	0.0	9.999999999177334e-07
[17, 22, 28, 19, 25, 7, 16, 0, 20, 2, 26, 11, 27, 1, 23]	0.0	0.0
[27, 24, 22, 13, 17, 25, 10, 8, 19, 5, 12, 4, 29, 14, 23]	0.0	0.0
[7, 18, 5, 11, 9, 21, 27, 20, 2, 23, 22, 13, 10, 1, 25]	1.000000000139778e-06	1.000000000139778e-06
[25, 2, 7, 16, 24, 0, 4, 10, 14, 20, 27, 23, 5, 3, 1]	9.999999999177334e-07	0.0
[29, 26, 13, 3, 20, 15, 19, 11, 23, 18, 21, 1, 12, 8, 9]	1.000000000139778e-06	9.999999999177334e-07
[29, 22, 5, 1, 17, 10, 26, 14, 13, 8, 6, 4, 27, 9, 7]	0.0	1.9999999998354667e-06
[14, 7, 9, 10, 12, 11, 21, 17, 15, 16, 19, 18, 3, 20, 24]	0.0	1.000000000139778e-06
[29, 17, 8, 18, 1, 12, 19, 26, 23, 2, 10, 9, 15, 22, 25]	1.000000000139778e-06	1.000000000139778e-06
[2, 25, 10, 13, 23, 12, 18, 9, 3, 4, 16, 28, 22, 27, 17]	0.0	1.000000000139778e-06
[11, 6, 24, 13, 28, 27, 8, 23, 25, 3, 7, 16, 5, 18, 12]	2.0000000000575113e-06	9.999999999177334e-07
[25, 7, 12, 1, 26, 5, 8, 3, 18, 11, 19, 22, 15, 28, 14]	1.000000000139778e-06	1.000000000139778e-06
[6, 2, 8, 11, 17, 14, 25, 29, 3, 13, 24, 21, 23, 16, 22]	0.0	0.0
[1, 9, 5, 8, 11, 12, 0, 29, 4, 25, 28, 20, 21, 15, 14]	9.999999999177334e-07	1.9999999998354667e-06
[23, 2, 20, 14, 12, 3, 10, 22, 7, 16, 6, 17, 24, 18, 15]	0.0	1.000000000139778e-06
[18, 17, 29, 1, 24, 22, 21, 19, 13, 2, 6, 11, 16, 15, 8]	0.0	0.0
[12, 6, 18, 28, 17, 14, 2, 4, 11, 29, 3, 24, 13, 9, 22]	0.0	0.0
[12, 17, 9, 14, 29, 20, 6, 27, 11, 26, 16, 0, 15, 25, 18]	2.0000000000575113e-06	1.000000000139778e-06
[26, 28, 12, 17, 11, 9, 16, 27, 21, 5, 2, 3, 1, 13, 18]	9.999999999177334e-07	9.999999999177334e-07
[14, 6, 0, 23, 26, 4, 27, 7, 10, 18, 16, 13, 15, 5, 21]	9.999999999177334e-07	9.999999999177334e-07
[28, 2, 7, 21, 15, 9, 18, 8, 19, 13, 16, 24, 10, 22, 12]	9.999999999177334e-07	9.999999999177334e-07
[13, 6, 27, 22, 28, 23, 8, 4, 9, 14, 26, 18, 2, 24, 1]	1.000000000139778e-06	0.0
[22, 20, 2, 1, 10, 7, 11, 27, 21, 29, 13, 14, 12, 9, 28]	0.0	0.0
[17, 2, 5, 26, 13, 14, 1, 12, 7, 25, 18, 8, 28, 23, 19]	9.999999999177334e-07	0.0
[14, 4, 24, 29, 19, 25, 23, 13, 12, 0, 15, 27, 10, 17, 16]	2.0000000000575113e-06	1.000000000139778e-06
[23, 26, 18, 8, 1, 16, 11, 5, 4, 6, 14, 13, 7, 3, 22]	1.000000000139778e-06	1.000000000139778e-06
[18, 4, 17, 20, 22, 28, 26, 9, 3, 25, 2, 27, 24, 5, 21]	1.9999999998354667e-06	1.000000000139778e-06
[3, 13, 27, 15, 28, 14, 17, 0, 2, 7, 20, 4, 11, 22, 1]	0.0	1.000000000139778e-06
[25, 17, 1, 23, 6, 4, 20, 28, 14, 9, 26, 11, 15, 5, 22]	1.000000000139778e-06	9.999999999177334e-07
[11, 23, 0, 8, 14, 21, 3, 12, 5, 29, 16, 15, 6, 13, 22]	1.000000000139778e-06	0.0
[23, 10, 12, 20, 21, 18, 1, 0, 2, 17, 15, 13, 19, 28, 26]	2.0000000000575113e-06	0.0
[23, 0, 9, 16, 26, 18, 24, 1, 15, 2, 17, 13, 21, 27, 28]	0.0	0.0
[1, 19, 16, 17, 26, 12, 21, 27, 0, 14, 7, 15, 25, 9, 2]	2.0000000000575113e-06	0.0
[7, 29, 9, 19, 8, 16, 5, 12, 21, 3, 28, 26, 11, 27, 25]	9.999999999177334e-07	0.0
[9, 4, 27, 12, 15, 22, 16, 29, 17, 14, 10, 1, 21, 13, 7]	9.999999999177334e-07	9.999999999177334e-07
[7, 4, 15, 25, 24, 2, 29, 18, 13, 20, 6, 27, 9, 14, 19]	0.0	2.0000000000575113e-06
[17, 0, 11, 10, 18, 29, 5, 1, 22, 28, 4, 25, 8, 23, 12]	0.0	9.999999999177334e-07
[23, 29, 2, 7, 18, 11, 25, 20, 9, 22, 19, 15, 21, 8, 16]	0.0	0.0
[18, 1, 7, 26, 28, 17, 16, 15, 2, 9, 21, 12, 27, 3, 14]	1.000000000139778e-06	0.0
[19, 23, 1, 9, 25, 24, 8, 26, 15, 27, 16, 12, 7, 0, 13]	2.0000000000575113e-06	0.0
[5, 26, 18, 23, 4, 11, 28, 12, 19, 3, 20, 6, 27, 8, 29]	2.0000000000575113e-06	0.0
[10, 14, 19, 22, 21, 2, 16, 9, 1, 17, 5, 3, 29, 12, 4]	9.999999999177334e-07	0.0
[11, 23, 20, 28, 19, 2, 4, 29, 24, 7, 25, 14, 6, 10, 18]	0.0	1.000000000139778e-06
[21, 10, 22, 23, 1, 5, 18, 20, 28, 19, 3, 25, 17, 26, 15]	0.0	1.000000000139778e-06
[21, 14, 26, 2, 8, 16, 20, 3, 27, 15, 28, 17, 23, 6, 25]	9.999999999177334e-07	0.0
[5, 4, 14, 17, 8, 3, 0, 16, 2, 20, 27, 11, 7, 21, 28]	2.0000000000575113e-06	0.0
[7, 10, 17, 22, 4, 0, 2, 28, 27, 8, 18, 5, 20, 25, 16]	2.0000000000575113e-06	9.999999999177334e-07
[18, 27, 0, 29, 6, 15, 16, 11, 3, 25, 14, 19, 13, 2, 21]	0.0	0.0
[10, 8, 1, 3, 15, 17, 19, 14, 28, 21, 29, 18, 26, 16, 4]	9.999999999177334e-07	2.0000000000575113e-06
[3, 24, 12, 0, 13, 6, 1, 19, 5, 2, 25, 23, 9, 14, 17]	9.999999999177334e-07	0.0
[8, 2, 10, 29, 6, 15, 9, 5, 24, 19, 27, 12, 20, 17, 26]	0.0	1.000000000139778e-06
[12, 24, 14, 22, 11, 20, 23, 3, 0, 17, 10, 19, 8, 18, 25]	9.999999999177334e-07	9.999999999177334e-07
[29, 18, 5, 21, 4, 15, 8, 13, 28, 1, 11, 16, 14, 24, 0]	1.000000000139778e-06	0.0
[16, 10, 7, 17, 26, 27, 2, 24, 23, 5, 0, 19, 18, 4, 15]	1.000000000139778e-06	0.0
[21, 8, 7, 2, 4, 20, 5, 17, 24, 6, 26, 1, 12, 16, 14]	9.999999999177334e-07	9.999999999177334e-07
[21, 28, 12, 18, 16, 11, 3, 2, 29, 19, 6, 7, 14, 17, 0]	0.0	9.999999999177334e-07
[5, 27, 4, 24, 6, 21, 23, 16, 20, 25, 7, 3, 18, 10, 17]	0.0	9.999999999177334e-07
[20, 12, 9, 22, 28, 11, 27, 24, 13, 1, 18, 26, 17, 8, 3]	1.6999999999933735e-05	1.9999999998354667e-06
[24, 25, 19, 20, 16, 5, 27, 8, 12, 17, 15, 2, 9, 7, 26]	0.0	1.000000000139778e-06
[7, 18, 14, 20, 23, 24, 0, 27, 2, 26, 16, 28, 29, 4, 17]	0.0	1.000000000139778e-06
[10, 25, 2, 29, 28, 20, 6, 14, 17, 3, 0, 23, 5, 21, 22]	9.999999999177334e-07	0.0
[2, 11, 23, 26, 12, 16, 6, 18, 9, 27, 22, 5, 20, 15, 28]	1.000000000139778e-06	0.0
[14, 12, 6, 15, 18, 11, 2, 24, 7, 29, 25, 3, 5, 19, 8]	9.999999999177334e-07	2.0000000000575113e-06
[25, 4, 15, 20, 17, 9, 13, 23, 3, 7, 2, 21, 29, 0, 16]	9.999999999177334e-07	9.999999999177334e-07
[9, 29, 21, 13, 1, 14, 15, 12, 8, 24, 7, 0, 17, 20, 19]	0.0	0.0
[25, 18, 12, 5, 19, 16, 4, 28, 29, 3, 13, 0, 7, 22, 21]	1.000000000139778e-06	1.000000000139778e-06
[16, 26, 5, 3, 11, 4, 8, 25, 28, 14, 18, 13, 0, 29, 10]	1.000000000139778e-06	0.0
[2, 25, 22, 20, 24, 9, 5, 12, 6, 17, 8, 11, 21, 15, 13]	9.999999999177334e-07	1.000000000139778e-06
[11, 24, 20, 29, 10, 0, 7, 1, 6, 18, 22, 27, 4, 13, 3]	0.0	2.0000000000575113e-06
[25, 5, 27, 13, 11, 28, 15, 4, 3, 19, 24, 8, 6, 23, 1]	0.0	0.0
[4, 0, 17, 18, 22, 3, 5, 20, 11, 7, 26, 25, 15, 21, 1]	9.999999999177334e-07	9.999999999177334e-07
[26, 20, 11, 25, 12, 15, 22, 21, 9, 24, 23, 2, 19, 28, 17]	9.999999999177334e-07	0.0
[12, 21, 25, 1, 14, 6, 10, 27, 0, 18, 16, 24, 20, 9, 5]	1.9999999998354667e-06	0.0
[2, 10, 13, 7, 15, 20, 16, 8, 23, 22, 29, 6, 21, 26, 1]	1.000000000139778e-06	9.999999999177334e-07
[22, 29, 11, 4, 13, 15, 24, 27, 19, 28, 7, 25, 6, 23, 14]	0.0	9.999999999177334e-07
[14, 0, 26, 15, 3, 5, 21, 2, 13, 18, 7, 25, 16, 17, 19]	9.999999999177334e-07	9.999999999177334e-07
[28, 12, 14, 3, 2, 19, 5, 13, 7, 16, 17, 10, 9, 21, 6]	9.999999999177334e-07	0.0
[11, 22, 4, 23, 16, 7, 12, 9, 10, 17, 26, 27, 21, 24, 6]	2.0000000000575113e-06	0.0
[9, 13, 14, 15, 11, 7, 21, 12, 0, 20, 10, 3, 23, 16, 29]	2.0000000000575113e-06	9.999999999177334e-07
[24, 18, 2, 27, 22, 23, 3, 11, 10, 17, 15, 12, 25, 8, 5]	9.999999999177334e-07	0.0
[18, 15, 0, 8, 4, 20, 19, 27, 7, 6, 12, 9, 3, 5, 26]	0.0	2.0000000000575113e-06
[16, 22, 18, 13, 3, 11, 10, 24, 28, 21, 0, 23, 1, 26, 27]	0.0	0.0
[28, 20, 17, 0, 18, 24, 21, 16, 19, 1, 27, 2, 25, 8, 15]	0.0	0.0
[23, 16, 14, 1, 26, 2, 9, 6, 5, 19, 21, 12, 18, 20, 4]	1.9999999998354667e-06	0.0
[12, 8, 28, 3, 16, 18, 14, 1, 26, 19, 21, 5, 17, 29, 25]	9.999999999177334e-07	0.0
[0, 10, 16, 9, 28, 26, 8, 1, 17, 27, 11, 5, 14, 21, 3]	9.999999999177334e-07	0.0
[5, 21, 4, 9, 12, 26, 2, 0, 17, 25, 18, 13, 20, 11, 6]	0.0	1.000000000139778e-06
[11, 6, 13, 21, 24, 15, 2, 3, 16, 23, 5, 8, 18, 20, 0]	1.000000000139778e-06	2.0000000000575113e-06
[29, 15, 17, 28, 7, 3, 4, 16, 12, 10, 26, 8, 13, 22, 6]	1.000000000139778e-06	9.999999999177334e-07
[29, 2, 16, 3, 18, 19, 20, 10, 0, 5, 27, 13, 26, 4, 17]	1.000000000139778e-06	9.999999999177334e-07
[27, 7, 15, 12, 1, 3, 22, 5, 4, 19, 9, 18, 25, 16, 26]	9.999999999177334e-07	2.9999999999752447e-06
[18, 11, 25, 27, 2, 13, 1, 28, 24, 9, 14, 29, 21, 22, 20]	2.0000000000575113e-06	1.000000000139778e-06
[23, 19, 21, 11, 5, 27, 20, 12, 22, 10, 17, 6, 9, 29, 14]	9.999999999177334e-07	0.0
[28, 18, 22, 11, 15, 14, 0, 9, 10, 1, 16, 4, 19, 3, 27]	0.0	1.000000000139778e-06
[22, 25, 2, 9, 21, 27, 26, 14, 6, 16, 4, 5, 1, 8, 7]	9.999999999177334e-07	0.0
[25, 13, 27, 29, 18, 17, 15, 0, 12, 3, 26, 19, 16, 11, 7]	9.999999999177334e-07	9.999999999177334e-07
[27, 10, 13, 21, 0, 15, 5, 12, 29, 3, 18, 1, 16, 6, 19]	0.0	9.999999999177334e-07
[11, 22, 20, 27, 13, 9, 0, 24, 17, 12, 29, 25, 2, 3, 14]	1.000000000139778e-06	0.0
[24, 13, 4, 3, 1, 2, 19, 22, 12, 9, 28, 15, 26, 11, 8]	0.0	9.999999999177334e-07
[11, 24, 3, 2, 10, 22, 0, 8, 14, 20, 28, 25, 26, 12, 16]	2.0000000000575113e-06	0.0
[0, 4, 2, 5, 19, 13, 24, 6, 16, 15, 17, 25, 7, 26, 10]	9.999999999177334e-07	0.0
[18, 12, 20, 28, 26, 9, 3, 16, 17, 2, 29, 27, 21, 8, 0]	2.0000000000575113e-06	9.999999999177334e-07
[8, 6, 4, 9, 24, 7, 3, 14, 17, 13, 16, 18, 27, 23, 2]	9.999999999177334e-07	2.0000000000575113e-06
[0, 19, 7, 20, 27, 10, 18, 9, 13, 14, 25, 24, 5, 2, 17]	1.000000000139778e-06	2.0000000000575113e-06
[18, 15, 23, 10, 19, 11, 9, 3, 22, 1, 28, 7, 20, 26, 17]	9.999999999177334e-07	1.000000000139778e-06
[12, 11, 6, 2, 18, 10, 8, 21, 7, 13, 27, 15, 28, 22, 23]	0.0	1.000000000139778e-06
[22, 5, 9, 1, 26, 0, 17, 25, 18, 4, 15, 27, 3, 24, 16]	0.0	0.0
[23, 14, 18, 1, 7, 8, 6, 12, 22, 29, 21, 19, 28, 17, 4]	1.9999999998354667e-06	0.0
[27, 10, 15, 22, 19, 21, 24, 20, 9, 0, 2, 11, 29, 7, 26]	2.0000000000575113e-06	0.0
[16, 28, 20, 4, 26, 14, 5, 23, 21, 8, 2, 22, 10, 29, 13]	0.0	1.000000000139778e-06
[29, 22, 1, 6, 16, 25, 5, 15, 7, 21, 0, 3, 17, 13, 19]	9.999999999177334e-07	9.999999999177334e-07
[12, 15, 0, 8, 25, 10, 18, 1, 9, 5, 24, 3, 14, 22, 4]	9.999999999177334e-07	1.000000000139778e-06
[20, 11, 3, 15, 24, 4, 10, 5, 26, 14, 7, 8, 0, 22, 2]	1.000000000139778e-06	9.999999999177334e-07
[20, 21, 3, 9, 11, 7, 26, 0, 29, 6, 15, 5, 19, 23, 16]	9.999999999177334e-07	9.999999999177334e-07
[19, 24, 27, 25, 6, 13, 16, 7, 26, 14, 18, 2, 1, 3, 29]	9.999999999177334e-07	0.0
[9, 14, 6, 15, 11, 20, 4, 18, 0, 1, 10, 22, 28, 19, 16]	0.0	9.999999999177334e-07
[8, 28, 26, 3, 2, 0, 1, 27, 7, 20, 29, 25, 10, 4, 23]	1.000000000139778e-06	1.000000000139778e-06
[5, 8, 21, 7, 18, 11, 28, 16, 23, 15, 2, 6, 19, 17, 25]	9.999999999177334e-07	9.999999999177334e-07
[12, 15, 0, 5, 26, 21, 6, 29, 10, 25, 16, 20, 2, 8, 27]	1.000000000139778e-06	9.999999999177334e-07
[3, 14, 15, 22, 19, 27, 25, 12, 24, 20, 4, 9, 26, 17, 1]	0.0	9.999999999177334e-07
[27, 2, 16, 14, 25, 1, 7, 5, 12, 26, 4, 19, 22, 28, 13]	1.9999999998354667e-06	0.0
[1, 3, 24, 29, 12, 4, 8, 11, 28, 25, 13, 15, 6, 16, 21]	9.999999999177334e-07	1.000000000139778e-06
[20, 8, 29, 3, 7, 14, 12, 22, 9, 25, 26, 0, 19, 10, 6]	0.0	9.999999999177334e-07
[27, 13, 10, 1, 28, 22, 23, 9, 5, 8, 17, 12, 3, 29, 4]	1.000000000139778e-06	9.999999999177334e-07
[25, 18, 11, 17, 12, 13, 4, 20, 19, 8, 24, 23, 21, 9, 10]	0.0	0.0
[15, 18, 12, 10, 7, 6, 19, 20, 11, 1, 26, 21, 27, 5, 28]	2.0000000000575113e-06	0.0
[0, 15, 29, 6, 18, 4, 28, 12, 8, 9, 24, 20, 25, 2, 16]	2.0000000000575113e-06	9.999999999177334e-07
[18, 14, 6, 10, 17, 21, 20, 9, 29, 5, 11, 3, 23, 4, 2]	1.000000000139778e-06	9.999999999177334e-07
[24, 26, 15, 10, 23, 12, 16, 8, 21, 14, 5, 13, 0, 1, 27]	0.0	2.0000000000575113e-06
[28, 0, 10, 14, 12, 8, 11, 25, 29, 20, 19, 27, 21, 23, 24]	9.999999999177334e-07	1.000000000139778e-06
[21, 11, 3, 20, 24, 7, 26, 10, 9, 1, 0, 18, 19, 25, 12]	0.0	1.000000000139778e-06
[21, 4, 9, 7, 16, 10, 13, 8, 18, 2, 22, 29, 1, 12, 23]	1.000000000139778e-06	0.0
[11, 17, 19, 8, 22, 15, 4, 28, 24, 2, 6, 0, 3, 16, 10]	9.999999999177334e-07	1.000000000139778e-06
[12, 11, 0, 3, 22, 1, 17, 27, 10, 5, 4, 24, 26, 2, 9]	2.0000000000575113e-06	0.0
[24, 15, 20, 18, 19, 3, 9, 6, 8, 16, 7, 4, 10, 1, 26]	2.0000000000575113e-06	9.999999999177334e-07
[0, 28, 27, 16, 15, 23, 26, 10, 20, 12, 7, 13, 4, 17, 6]	2.0000000000575113e-06	2.1000000000048757e-05
[28, 4, 9, 11, 12, 26, 10, 15, 19, 21, 20, 2, 27, 23, 17]	1.000000000139778e-06	0.0
[23, 25, 7, 20, 19, 2, 5, 1, 0, 21, 10, 11, 4, 29, 16]	1.000000000139778e-06	1.000000000139778e-06
[29, 26, 14, 17, 23, 16, 7, 24, 21, 2, 20, 11, 13, 10, 12]	0.0	2.0000000000575113e-06
[23, 18, 11, 28, 9, 19, 4, 2, 1, 5, 26, 13, 8, 7, 16]	1.000000000139778e-06	1.000000000139778e-06
[10, 13, 19, 23, 11, 8, 24, 22, 14, 26, 1, 15, 17, 29, 6]	0.0	2.0000000000575113e-06
[1, 5, 10, 27, 13, 11, 8, 6, 3, 24, 19, 9, 12, 7, 4]	9.999999999177334e-07	0.0
[15, 23, 1, 27, 18, 10, 7, 16, 12, 3, 2, 8, 14, 22, 4]	0.0	0.0
[7, 14, 27, 25, 15, 26, 6, 29, 17, 3, 13, 5, 18, 10, 2]	2.0000000000575113e-06	0.0
[12, 8, 13, 18, 17, 28, 5, 26, 20, 25, 27, 15, 21, 24, 22]	9.999999999177334e-07	9.999999999177334e-07
[14, 21, 28, 20, 9, 5, 16, 25, 0, 6, 26, 7, 18, 17, 27]	0.0	9.999999999177334e-07
[20, 0, 26, 29, 1, 24, 27, 16, 22, 18, 6, 14, 13, 2, 12]	1.000000000139778e-06	9.999999999177334e-07
[4, 12, 14, 11, 7, 18, 24, 10, 17, 29, 15, 9, 1, 26, 2]	1.9999999998354667e-06	0.0
[29, 2, 26, 21, 18, 5, 4, 13, 24, 23, 9, 11, 16, 10, 7]	9.999999999177334e-07	9.999999999177334e-07
[8, 21, 15, 29, 7, 19, 24, 17, 10, 3, 18, 9, 6, 4, 13]	9.999999999177334e-07	0.0
[3, 23, 0, 27, 5, 21, 15, 16, 22, 20, 11, 13, 24, 10, 4]	1.000000000139778e-06	1.000000000139778e-06
[3, 5, 17, 23, 0, 21, 14, 11, 25, 15, 9, 2, 10, 26, 4]	1.000000000139778e-06	9.999999999177334e-07
[22, 26, 5, 10, 28, 25, 16, 4, 13, 17, 9, 18, 21, 1, 23]	9.999999999177334e-07	1.000000000139778e-06
[22, 14, 8, 24, 5, 7, 1, 27, 23, 18, 16, 26, 11, 13, 25]	1.000000000139778e-06	2.0000000000575113e-06
[0, 6, 1, 13, 22, 24, 18, 26, 21, 4, 5, 7, 28, 15, 25]	0.0	2.0000000000575113e-06
[21, 4, 14, 19, 5, 2, 11, 16, 23, 27, 7, 22, 6, 3, 9]	9.999999999177334e-07	1.000000000139778e-06
[10, 11, 22, 5, 28, 27, 16, 2, 9, 12, 19, 13, 23, 25, 29]	1.000000000139778e-06	9.999999999177334e-07
[6, 29, 4, 22, 23, 10, 19, 11, 1, 20, 8, 3, 13, 5, 14]	9.999999999177334e-07	1.000000000139778e-06
[9, 10, 12, 8, 17, 4, 7, 16, 29, 23, 27, 22, 6, 19, 3]	0.0	9.999999999177334e-07
[18, 2, 5, 22, 17, 13, 11, 16, 19, 24, 15, 25, 6, 14, 0]	9.999999999177334e-07	9.999999999177334e-07
[27, 23, 6, 29, 12, 13, 24, 4, 17, 0, 11, 8, 19, 2, 9]	9.999999999177334e-07	1.000000000139778e-06
[25, 1, 22, 8, 9, 19, 5, 21, 17, 0, 23, 20, 4, 12, 29]	9.999999999177334e-07	9.999999999177334e-07
[14, 23, 26, 2, 15, 6, 3, 20, 12, 21, 27, 24, 16, 10, 1]	2.0000000000575113e-06	0.0
[15, 10, 16, 5, 22, 23, 28, 0, 29, 26, 9, 21, 25, 6, 24]	0.0	9.999999999177334e-07
[7, 9, 11, 5, 2, 23, 8, 3, 27, 1, 15, 29, 22, 18, 20]	0.0	9.999999999177334e-07
[19, 3, 27, 12, 4, 5, 23, 6, 1, 13, 18, 14, 9, 17, 15]	1.000000000139778e-06	0.0
[0, 9, 28, 11, 2, 14, 21, 10, 19, 5, 27, 4, 29, 16, 23]	0.0	0.0
[13, 9, 3, 20, 25, 5, 22, 26, 23, 19, 7, 15, 24, 11, 16]	9.999999999177334e-07	1.000000000139778e-06
[2, 17, 23, 4, 16, 22, 10, 14, 18, 24, 25, 6, 20, 19, 28]	9.999999999177334e-07	1.000000000139778e-06
[7, 10, 22, 24, 23, 29, 5, 19, 3, 25, 28, 1, 15, 9, 4]	0.0	1.000000000139778e-06
[28, 11, 25, 16, 9, 12, 24, 15, 29, 4, 1, 8, 3, 26, 23]	9.999999999177334e-07	9.999999999177334e-07
[1, 14, 15, 24, 2, 19, 28, 6, 26, 5, 29, 13, 20, 16, 8]	9.999999999177334e-07	0.0
[15, 23, 9, 0, 16, 13, 5, 19, 29, 25, 24, 28, 14, 6, 26]	1.000000000139778e-06	0.0
[1, 19, 14, 28, 17, 8, 23, 7, 18, 29, 12, 13, 16, 26, 10]	1.9999999998354667e-06	1.000000000139778e-06
[5, 23, 0, 20, 6, 27, 3, 22, 15, 17, 14, 8, 18, 29, 21]	9.999999999177334e-07	0.0
[16, 11, 2, 24, 0, 17, 7, 15, 14, 5, 12, 13, 6, 21, 26]	9.999999999177334e-07	1.000000000139778e-06
[12, 14, 4, 29, 10, 28, 0, 2, 9, 23, 24, 18, 19, 5, 16]	1.000000000139778e-06	1.000000000139778e-06
[3, 20, 7, 0, 14, 9, 2, 19, 24, 28, 10, 12, 4, 15, 27]	2.0000000000575113e-06	0.0
[28, 20, 13, 4, 9, 10, 24, 7, 16, 11, 23, 2, 8, 26, 21]	0.0	0.0
[18, 5, 9, 24, 4, 23, 22, 1, 14, 21, 27, 19, 16, 15, 25]	0.0	2.0000000000575113e-06
[4, 1, 16, 14, 21, 10, 28, 26, 25, 12, 9, 13, 29, 2, 3]	0.0	9.999999999177334e-07
[26, 2, 4, 29, 19, 6, 18, 3, 23, 24, 27, 8, 10, 0, 20]	1.000000000139778e-06	0.0
[10, 4, 14, 25, 24, 20, 23, 28, 16, 9, 22, 21, 18, 19, 27]	0.0	0.0
[9, 4, 17, 26, 21, 23, 22, 27, 13, 18, 5, 15, 8, 16, 25]	0.0	9.999999999177334e-07
[27, 5, 4, 3, 24, 17, 9, 25, 15, 7, 18, 23, 11, 6, 20]	9.999999999177334e-07	9.999999999177334e-07
[13, 14, 6, 11, 2, 21, 8, 9, 4, 18, 23, 0, 24, 19, 3]	0.0	9.999999999177334e-07
[3, 28, 8, 23, 5, 15, 2, 4, 24, 11, 21, 6, 16, 0, 17]	9.999999999177334e-07	0.0
[5, 8, 3, 1, 2, 29, 21, 10, 11, 0, 28, 17, 6, 12, 24]	0.0	9.999999999177334e-07
[22, 27, 20, 9, 16, 29, 21, 24, 19, 5, 7, 3, 2, 12, 0]	9.999999999177334e-07	1.000000000139778e-06
[9, 15, 4, 18, 5, 23, 17, 7, 0, 8, 25, 20, 22, 16, 29]	0.0	1.000000000139778e-06
[23, 27, 17, 5, 12, 15, 21, 2, 11, 26, 3, 28, 19, 10, 22]	2.0000000000575113e-06	0.0
[23, 16, 1, 6, 25, 0, 22, 29, 9, 4, 24, 2, 12, 21, 19]	1.000000000139778e-06	9.999999999177334e-07
[5, 19, 13, 21, 14, 28, 25, 3, 6, 8, 16, 9, 23, 20, 15]	2.0000000000575113e-06	0.0
[14, 12, 23, 13, 10, 7, 24, 19, 2, 26, 25, 28, 9, 3, 15]	0.0	0.0
[21, 24, 1, 16, 20, 26, 5, 2, 22, 6, 11, 23, 8, 3, 15]	9.999999999177334e-07	2.0000000000575113e-06
[28, 14, 23, 20, 4, 6, 16, 29, 7, 3, 18, 26, 21, 5, 24]	9.999999999177334e-07	1.9999999998354667e-06
[23, 1, 13, 4, 26, 27, 22, 0, 29, 11, 20, 10, 16, 17, 9]	0.0	0.0
[18, 15, 28, 3, 22, 26, 12, 23, 8, 24, 6, 10, 5, 20, 14]	2.0000000000575113e-06	0.0
[29, 28, 7, 26, 22, 19, 18, 17, 25, 13, 4, 20, 16, 0, 11]	2.0000000000575113e-06	0.0
[20, 24, 2, 16, 22, 19, 9, 5, 26, 18, 8, 12, 1, 27, 29]	0.0	9.999999999177334e-07
[27, 22, 15, 20, 26, 0, 12, 24, 25, 29, 13, 7, 11, 5, 23]	9.999999999177334e-07	2.0000000000575113e-06
[7, 12, 23, 13, 9, 10, 29, 1, 15, 3, 17, 18, 11, 2, 5]	1.000000000139778e-06	9.999999999177334e-07
[20, 9, 12, 8, 10, 7, 28, 27, 25, 19, 24, 13, 26, 11, 3]	9.999999999177334e-07	0.0
[21, 11, 3, 27, 29, 19, 13, 7, 24, 9, 17, 0, 16, 8, 22]	9.999999999177334e-07	0.0
[13, 5, 7, 26, 10, 2, 21, 12, 25, 17, 1, 4, 27, 16, 6]	1.000000000139778e-06	0.0
[21, 25, 17, 2, 12, 8, 14, 3, 10, 19, 13, 28, 16, 9, 15]	1.000000000139778e-06	9.999999999177334e-07
[7, 26, 27, 29, 24, 22, 20, 14, 12, 2, 11, 5, 8, 17, 15]	0.0	9.999999999177334e-07
[28, 0, 3, 25, 20, 6, 21, 24, 14, 12, 15, 4, 19, 18, 26]	9.999999999177334e-07	0.0
[10, 14, 24, 26, 22, 9, 20, 6, 5, 13, 11, 4, 28, 2, 15]	0.0	9.999999999177334e-07
[7, 11, 27, 0, 12, 10, 1, 14, 18, 6, 21, 4, 3, 5, 19]	2.0000000000575113e-06	0.0
[29, 12, 5, 6, 25, 1, 8, 11, 16, 9, 28, 2, 13, 23, 14]	9.999999999177334e-07	9.999999999177334e-07
[17, 24, 6, 9, 11, 21, 8, 15, 16, 13, 10, 5, 26, 25, 28]	2.0000000000575113e-06	9.999999999177334e-07
[19, 26, 10, 20, 25, 28, 21, 5, 1, 13, 0, 9, 18, 11, 7]	2.0000000000575113e-06	0.0
[7, 19, 17, 18, 26, 10, 15, 16, 3, 12, 22, 8, 20, 24, 13]	1.000000000139778e-06	1.000000000139778e-06
[26, 4, 23, 20, 19, 11, 14, 25, 29, 5, 0, 10, 6, 24, 9]	0.0	2.0000000000575113e-06
[17, 13, 18, 27, 24, 29, 19, 14, 15, 25, 11, 12, 10, 3, 7]	0.0	2.0000000000575113e-06
[16, 28, 11, 10, 8, 26, 0, 3, 2, 19, 13, 20, 14, 9, 24]	9.999999999177334e-07	1.000000000139778e-06
[11, 3, 1, 23, 28, 8, 20, 10, 4, 2, 26, 21, 16, 13, 19]	0.0	0.0
[29, 5, 6, 24, 17, 15, 11, 8, 0, 19, 28, 21, 25, 16, 9]	0.0	9.999999999177334e-07
[26, 29, 7, 2, 6, 9, 23, 17, 8, 16, 22, 18, 25, 15, 10]	1.9999999998354667e-06	0.0
[25, 26, 24, 16, 11, 15, 9, 3, 20, 21, 6, 23, 29, 12, 18]	9.999999999177334e-07	0.0
[29, 7, 27, 22, 2, 10, 13, 18, 6, 8, 19, 20, 9, 15, 12]	2.0000000000575113e-06	0.0
[2, 7, 6, 1, 17, 5, 20, 3, 28, 9, 0, 22, 25, 29, 13]	9.999999999177334e-07	0.0
[27, 8, 7, 24, 28, 21, 11, 9, 17, 14, 13, 23, 20, 6, 19]	1.000000000139778e-06	9.999999999177334e-07
[3, 18, 28, 29, 15, 9, 21, 17, 22, 26, 6, 10, 24, 2, 27]	0.0	1.000000000139778e-06
[3, 10, 1, 23, 15, 11, 4, 17, 25, 14, 6, 24, 21, 27, 7]	9.999999999177334e-07	9.999999999177334e-07
[1, 11, 5, 12, 27, 20, 22, 9, 7, 6, 28, 13, 23, 15, 21]	0.0	0.0
[26, 3, 9, 17, 1, 28, 13, 16, 21, 4, 10, 7, 22, 18, 27]	1.000000000139778e-06	0.0
[29, 26, 28, 20, 11, 18, 4, 14, 5, 6, 25, 9, 3, 1, 16]	1.000000000139778e-06	9.999999999177334e-07
[27, 9, 20, 29, 24, 11, 7, 22, 0, 21, 5, 28, 17, 2, 4]	1.000000000139778e-06	2.0000000000575113e-06
[17, 19, 21, 9, 10, 15, 8, 23, 7, 5, 24, 27, 3, 14, 26]	0.0	9.999999999177334e-07
[5, 2, 3, 27, 18, 21, 8, 1, 19, 7, 15, 17, 22, 23, 20]	0.0	1.000000000139778e-06
[6, 11, 29, 23, 24, 14, 1, 15, 0, 17, 21, 13, 25, 22, 12]	1.9999999998354667e-06	9.999999999177334e-07
[2, 16, 3, 24, 4, 28, 7, 8, 10, 12, 20, 1, 21, 5, 27]	0.0	0.0
[15, 4, 27, 23, 16, 26, 2, 28, 14, 7, 1, 22, 9, 24, 29]	1.000000000139778e-06	9.999999999177334e-07
[25, 19, 15, 5, 11, 21, 13, 2, 20, 26, 3, 6, 12, 1, 17]	0.0	9.999999999177334e-07
[11, 17, 22, 8, 6, 1, 2, 23, 9, 26, 10, 28, 13, 14, 3]	9.999999999177334e-07	0.0
[23, 6, 17, 15, 24, 22, 26, 18, 12, 16, 3, 27, 0, 13, 2]	1.000000000139778e-06	1.000000000139778e-06
[21, 14, 13, 10, 15, 3, 0, 25, 8, 20, 26, 27, 17, 11, 23]	1.9999999998354667e-06	9.999999999177334e-07
[29, 12, 7, 25, 21, 19, 9, 17, 3, 20, 27, 23, 16, 18, 2]	0.0	0.0
[9, 10, 21, 4, 8, 27, 1, 28, 24, 19, 3, 7, 16, 12, 5]	0.0	9.999999999177334e-07
[9, 18, 25, 12, 5, 24, 2, 8, 11, 3, 15, 21, 13, 22, 17]	0.0	9.999999999177334e-07
[20, 6, 25, 23, 5, 10, 22, 12, 28, 19, 9, 21, 1, 26, 11]	1.000000000139778e-06	0.0
[1, 13, 7, 2, 22, 14, 9, 8, 16, 24, 6, 29, 15, 21, 19]	9.999999999177334e-07	9.999999999177334e-07
[2, 14, 13, 25, 22, 24, 12, 20, 15, 19, 23, 17, 5, 16, 0]	9.999999999177334e-07	1.000000000139778e-06
[10, 1, 4, 8, 21, 22, 12, 14, 13, 5, 27, 3, 9, 29, 16]	0.0	0.0
[13, 6, 23, 12, 4, 24, 19, 14, 11, 22, 2, 5, 7, 25, 9]	0.0	2.0000000000575113e-06
[25, 6, 7, 1, 17, 21, 26, 23, 13, 15, 9, 8, 20, 22, 11]	0.0	1.9999999998354667e-06
[11, 5, 15, 27, 0, 2, 22, 17, 4, 21, 12, 13, 8, 14, 1]	9.999999999177334e-07	9.999999999177334e-07
[27, 14, 28, 3, 8, 9, 25, 23, 7, 24, 17, 22, 19, 4, 2]	9.999999999177334e-07	2.0000000000575113e-06
[23, 29, 15, 13, 18, 5, 0, 7, 6, 1, 3, 16, 24, 10, 21]	0.0	2.0000000000575113e-06
[15, 3, 22, 25, 28, 12, 16, 9, 1, 17, 11, 10, 6, 26, 27]	0.0	9.999999999177334e-07
[18, 5, 21, 28, 15, 22, 11, 25, 3, 14, 7, 0, 19, 13, 10]	9.999999999177334e-07	9.999999999177334e-07
[16, 9, 17, 19, 26, 24, 1, 4, 25, 18, 13, 15, 6, 12, 0]	9.999999999177334e-07	0.0
[7, 11, 17, 21, 28, 2, 16, 22, 29, 13, 24, 10, 12, 23, 25]	9.999999999177334e-07	0.0
[24, 21, 27, 26, 19, 2, 20, 18, 0, 17, 12, 4, 10, 22, 6]	0.0	1.000000000139778e-06
[5, 20, 9, 21, 15, 27, 4, 11, 3, 18, 19, 14, 12, 2, 22]	9.999999999177334e-07	9.999999999177334e-07
[22, 0, 12, 15, 21, 20, 6, 13, 7, 1, 26, 27, 25, 10, 5]	0.0	2.0000000000575113e-06
[29, 13, 28, 15, 19, 6, 11, 17, 9, 25, 22, 12, 18, 8, 24]	9.999999999177334e-07	9.999999999177334e-07
[21, 25, 14, 10, 6, 12, 18, 24, 19, 22, 15, 20, 26, 13, 3]	1.000000000139778e-06	0.0
[6, 11, 8, 26, 14, 29, 18, 9, 5, 19, 0, 22, 24, 1, 4]	1.000000000139778e-06	9.999999999177334e-07
[6, 16, 7, 29, 9, 15, 0, 4, 5, 20, 24, 2, 12, 11, 26]	1.9999999998354667e-06	0.0
[9, 13, 27, 19, 1, 5, 15, 28, 11, 3, 4, 29, 22, 18, 17]	0.0	2.0000000000575113e-06
[21, 28, 26, 25, 9, 11, 4, 17, 0, 29, 1, 7, 12, 20, 13]	9.999999999177334e-07	2.0000000000575113e-06
[7, 29, 9, 22, 5, 1, 12, 25, 24, 13, 26, 18, 2, 21, 4]	0.0	9.999999999177334e-07
[22, 20, 15, 12, 0, 29, 3, 28, 23, 24, 19, 9, 11, 13, 17]	9.999999999177334e-07	0.0
[13, 2, 6, 7, 5, 25, 17, 8, 22, 20, 19, 21, 15, 10, 4]	2.0000000000575113e-06	1.000000000139778e-06
[13, 16, 24, 5, 4, 27, 15, 25, 9, 22, 18, 1, 17, 21, 6]	9.999999999177334e-07	0.0
[3, 5, 10, 8, 23, 0, 6, 26, 16, 19, 28, 12, 27, 18, 15]	1.000000000139778e-06	0.0
[10, 0, 2, 4, 5, 19, 12, 26, 21, 25, 3, 15, 18, 8, 13]	0.0	9.999999999177334e-07
[12, 27, 9, 4, 18, 22, 29, 14, 13, 17, 24, 2, 6, 3, 11]	0.0	2.0000000000575113e-06
[7, 0, 11, 19, 3, 26, 5, 22, 13, 29, 2, 8, 28, 15, 12]	9.999999999177334e-07	1.000000000139778e-06
[17, 21, 19, 28, 2, 11, 6, 13, 15, 7, 24, 18, 3, 14, 26]	0.0	9.999999999177334e-07
[14, 19, 15, 23, 21, 22, 8, 3, 13, 29, 6, 11, 24, 18, 27]	9.999999999177334e-07	0.0
[3, 20, 23, 9, 15, 19, 10, 12, 4, 2, 0, 17, 8, 25, 27]	1.000000000139778e-06	9.999999999177334e-07
[20, 23, 0, 2, 11, 8, 1, 9, 16, 14, 19, 13, 21, 28, 18]	0.0	0.0
[4, 27, 0, 10, 12, 11, 23, 20, 7, 29, 2, 18, 3, 26, 5]	9.999999999177334e-07	0.0
[16, 3, 18, 22, 15, 2, 20, 19, 28, 25, 14, 1, 27, 5, 6]	1.000000000139778e-06	1.000000000139778e-06
[0, 6, 25, 13, 15, 18, 16, 11, 5, 7, 1, 20, 27, 14, 23]	9.999999999177334e-07	1.000000000139778e-06
[6, 9, 2, 26, 17, 15, 8, 16, 29, 11, 21, 12, 10, 19, 14]	0.0	1.9999999998354667e-06
[11, 20, 7, 8, 16, 28, 13, 14, 22, 27, 0, 5, 21, 26, 15]	0.0	9.999999999177334e-07
[26, 9, 20, 21, 4, 22, 7, 18, 12, 8, 10, 29, 17, 3, 25]	2.0000000000575113e-06	0.0
[3, 19, 10, 27, 16, 14, 21, 1, 15, 18, 28, 2, 4, 5, 24]	9.999999999177334e-07	0.0
[15, 7, 16, 0, 3, 9, 29, 23, 25, 4, 2, 14, 26, 5, 1]	0.0	1.000000000139778e-06
[26, 14, 9, 28, 1, 12, 19, 29, 5, 17, 2, 10, 8, 20, 15]	9.999999999177334e-07	0.0
[25, 13, 3, 15, 1, 5, 27, 29, 14, 18, 16, 24, 17, 26, 9]	9.999999999177334e-07	0.0
[26, 19, 7, 1, 5, 25, 6, 15, 0, 24, 18, 9, 27, 22, 10]	9.999999999177334e-07	0.0
[2, 22, 0, 6, 16, 11, 19, 28, 13, 24, 1, 14, 12, 18, 23]	9.999999999177334e-07	9.999999999177334e-07
[10, 25, 15, 5, 21, 28, 1, 2, 3, 22, 13, 26, 16, 24, 8]	0.0	9.999999999177334e-07
[17, 22, 13, 14, 0, 25, 23, 28, 1, 15, 6, 29, 3, 27, 10]	9.999999999177334e-07	0.0
[26, 3, 6, 28, 13, 18, 15, 20, 0, 22, 25, 7, 23, 9, 24]	0.0	0.0
[8, 25, 1, 10, 24, 28, 11, 0, 3, 4, 7, 13, 29, 17, 20]	9.999999999177334e-07	9.999999999177334e-07
[10, 7, 16, 15, 0, 1, 18, 2, 12, 4, 19, 21, 11, 5, 23]	1.000000000139778e-06	0.0
[17, 16, 0, 4, 15, 20, 28, 9, 11, 1, 5, 21, 6, 23, 25]	1.000000000139778e-06	9.999999999177334e-07
[26, 15, 20, 5, 18, 2, 14, 17, 19, 7, 23, 1, 4, 16, 22]	0.0	2.0000000000575113e-06
[7, 13, 27, 26, 18, 21, 17, 12, 25, 28, 24, 19, 29, 14, 15]	9.999999999177334e-07	1.000000000139778e-06
[6, 16, 28, 25, 11, 13, 18, 26, 8, 27, 0, 2, 22, 17, 10]	0.0	0.0
[5, 1, 25, 24, 8, 15, 0, 14, 10, 21, 3, 4, 27, 28, 19]	2.0000000000575113e-06	0.0
[13, 10, 11, 3, 20, 22, 24, 7, 25, 29, 12, 1, 14, 26, 28]	0.0	0.0
[7, 25, 19, 16, 5, 18, 22, 15, 27, 11, 14, 20, 9, 17, 6]	0.0	1.000000000139778e-06
[3, 14, 12, 9, 16, 20, 28, 25, 24, 1, 4, 0, 22, 5, 10]	9.999999999177334e-07	1.000000000139778e-06
[14, 29, 7, 24, 2, 0, 28, 6, 23, 15, 10, 22, 13, 9, 25]	1.000000000139778e-06	1.000000000139778e-06
[5, 0, 16, 11, 22, 4, 2, 20, 9, 12, 10, 17, 14, 1, 24]	9.999999999177334e-07	1.000000000139778e-06
[10, 28, 4, 25, 9, 21, 18, 27, 0, 16, 7, 24, 14, 19, 26]	2.0000000000575113e-06	0.0
[15, 9, 24, 6, 22, 16, 17, 28, 12, 10, 18, 2, 19, 11, 1]	9.999999999177334e-07	2.0000000000575113e-06
[26, 6, 14, 15, 4, 8, 11, 7, 17, 10, 0, 2, 18, 5, 3]	0.0	1.000000000139778e-06
[23, 1, 14, 24, 19, 12, 18, 10, 11, 20, 27, 28, 4, 5, 26]	2.0000000000575113e-06	0.0
[4, 1, 22, 10, 9, 19, 21, 24, 29, 25, 15, 12, 18, 7, 28]	0.0	2.0000000000575113e-06
[18, 5, 12, 20, 13, 14, 29, 22, 6, 16, 7, 19, 28, 26, 11]	0.0	9.999999999177334e-07
[24, 2, 13, 17, 3, 15, 27, 16, 20, 10, 29, 8, 26, 7, 14]	9.999999999177334e-07	1.000000000139778e-06
[18, 28, 6, 13, 8, 9, 29, 10, 0, 19, 3, 11, 5, 21, 4]	0.0	1.000000000139778e-06
[24, 19, 5, 15, 20, 3, 0, 9, 16, 23, 28, 21, 12, 7, 4]	0.0	1.000000000139778e-06
[5, 7, 18, 21, 2, 6, 26, 24, 27, 28, 20, 4, 19, 15, 23]	3.0000000001972893e-06	0.0
[13, 17, 18, 8, 20, 28, 15, 14, 3, 16, 25, 23, 29, 22, 21]	0.0	9.999999999177334e-07
[6, 7, 28, 3, 5, 13, 18, 15, 11, 21, 0, 24, 22, 4, 1]	0.0	1.9999999998354667e-06
[20, 19, 10, 5, 26, 23, 7, 13, 1, 12, 11, 16, 28, 0, 21]	9.999999999177334e-07	0.0
[16, 28, 15, 9, 0, 22, 3, 21, 13, 6, 24, 7, 20, 29, 14]	9.999999999177334e-07	0.0
[21, 11, 18, 6, 17, 3, 28, 5, 16, 4, 8, 10, 24, 1, 7]	9.999999999177334e-07	1.000000000139778e-06
[0, 5, 22, 24, 10, 9, 14, 13, 12, 23, 11, 7, 21, 18, 20]	0.0	2.0000000000575113e-06
[12, 25, 9, 1, 17, 14, 5, 22, 26, 24, 2, 19, 18, 23, 4]	1.000000000139778e-06	1.000000000139778e-06
[10, 6, 27, 18, 12, 14, 15, 1, 9, 25, 4, 28, 19, 17, 5]	9.999999999177334e-07	0.0
[9, 1, 0, 20, 21, 14, 16, 22, 13, 15, 24, 10, 5, 19, 12]	1.000000000139778e-06	0.0
[28, 5, 10, 29, 4, 21, 17, 15, 14, 13, 24, 26, 6, 0, 23]	1.9999999998354667e-06	9.999999999177334e-07
[5, 12, 2, 22, 28, 1, 18, 10, 21, 23, 8, 24, 15, 13, 11]	1.000000000139778e-06	0.0
[15, 19, 4, 20, 10, 26, 29, 0, 9, 11, 13, 25, 5, 14, 22]	9.999999999177334e-07	1.000000000139778e-06
[23, 16, 25, 22, 4, 5, 2, 21, 27, 10, 7, 6, 12, 26, 19]	0.0	2.0000000000575113e-06
[25, 2, 19, 13, 16, 22, 21, 6, 26, 18, 1, 27, 23, 12, 20]	9.999999999177334e-07	0.0
[19, 10, 25, 17, 16, 14, 27, 6, 15, 13, 28, 1, 21, 7, 18]	9.999999999177334e-07	0.0
[4, 0, 20, 10, 23, 13, 14, 8, 5, 22, 12, 7, 17, 11, 19]	1.000000000139778e-06	0.0
[9, 23, 13, 18, 20, 15, 8, 14, 25, 27, 22, 10, 19, 2, 3]	2.0000000000575113e-06	0.0
[27, 12, 28, 2, 16, 0, 20, 7, 24, 11, 15, 18, 21, 26, 19]	9.999999999177334e-07	1.9999999998354667e-06
[26, 13, 22, 0, 18, 1, 8, 5, 21, 25, 20, 14, 15, 11, 10]	0.0	1.000000000139778e-06
[10, 28, 17, 11, 29, 26, 6, 4, 5, 27, 8, 18, 25, 24, 20]	1.000000000139778e-06	1.000000000139778e-06
[17, 14, 29, 26, 18, 28, 8, 15, 4, 27, 13, 6, 2, 1, 3]	0.0	0.0
[9, 26, 11, 4, 14, 0, 23, 2, 16, 28, 25, 17, 5, 1, 12]	9.999999999177334e-07	0.0
[14, 23, 3, 9, 4, 18, 7, 22, 16, 25, 15, 19, 29, 24, 6]	9.999999999177334e-07	0.0
[22, 17, 1, 19, 10, 8, 23, 15, 24, 6, 14, 7, 0, 12, 3]	9.999999999177334e-07	0.0
[7, 26, 3, 22, 8, 0, 27, 15, 11, 23, 17, 12, 9, 19, 6]	9.999999999177334e-07	0.0
[22, 3, 6, 13, 26, 25, 15, 18, 16, 8, 10, 29, 5, 0, 17]	2.0000000000575113e-06	1.000000000139778e-06
[28, 4, 11, 16, 2, 19, 9, 29, 0, 20, 15, 21, 13, 27, 22]	1.000000000139778e-06	0.0
[25, 6, 22, 17, 8, 20, 29, 7, 14, 23, 16, 3, 15, 9, 5]	9.999999999177334e-07	1.000000000139778e-06
[8, 10, 19, 15, 3, 1, 18, 22, 24, 26, 12, 14, 20, 2, 11]	1.000000000139778e-06	1.000000000139778e-06
[21, 14, 2, 10, 5, 7, 19, 20, 24, 8, 22, 1, 26, 18, 11]	0.0	1.000000000139778e-06
[23, 15, 16, 26, 29, 1, 27, 19, 13, 25, 20, 28, 14, 12, 18]	1.000000000139778e-06	9.999999999177334e-07
[17, 6, 21, 11, 10, 3, 14, 0, 27, 8, 22, 1, 16, 19, 20]	0.0	0.0
[14, 18, 3, 5, 19, 23, 8, 20, 6, 2, 16, 11, 21, 7, 15]	1.000000000139778e-06	0.0
[20, 10, 8, 15, 2, 6, 19, 0, 16, 13, 14, 9, 11, 7, 24]	9.999999999177334e-07	9.999999999177334e-07
[9, 0, 29, 23, 16, 8, 13, 6, 7, 3, 14, 21, 25, 12, 27]	2.0000000000575113e-06	0.0
[25, 0, 26, 24, 21, 16, 27, 22, 2, 20, 8, 7, 11, 6, 19]	2.0000000000575113e-06	1.000000000139778e-06
[6, 22, 10, 26, 15, 9, 20, 18, 1, 13, 11, 2, 5, 7, 29]	9.999999999177334e-07	9.999999999177334e-07
[12, 8, 16, 14, 18, 28, 17, 21, 23, 0, 5, 13, 24, 15, 6]	1.000000000139778e-06	9.999999999177334e-07
[16, 0, 26, 14, 22, 19, 8, 9, 23, 2, 15, 6, 11, 28, 3]	0.0	1.000000000139778e-06
[2, 21, 29, 17, 7, 27, 10, 18, 6, 0, 11, 23, 25, 1, 13]	1.000000000139778e-06	9.999999999177334e-07
[13, 8, 23, 16, 18, 1, 12, 25, 19, 20, 6, 5, 10, 2, 3]	1.000000000139778e-06	0.0
[15, 16, 26, 14, 12, 22, 21, 20, 13, 4, 1, 9, 7, 8, 25]	9.999999999177334e-07	0.0
[8, 29, 2, 17, 21, 14, 3, 11, 0, 16, 23, 18, 15, 20, 26]	2.0000000000575113e-06	9.999999999177334e-07
[1, 13, 7, 27, 10, 9, 18, 20, 24, 11, 15, 26, 28, 8, 23]	0.0	2.0000000000575113e-06
[11, 27, 10, 5, 26, 8, 20, 14, 16, 19, 9, 25, 17, 23, 13]	0.0	9.999999999177334e-07
[23, 25, 16, 11, 15, 14, 26, 19, 7, 21, 12, 5, 28, 22, 13]	1.000000000139778e-06	0.0
[24, 19, 20, 0, 29, 7, 13, 21, 27, 4, 28, 8, 22, 16, 6]	1.000000000139778e-06	0.0
[6, 25, 14, 2, 16, 22, 7, 26, 24, 21, 9, 20, 27, 10, 0]	1.9999999998354667e-06	0.0
[27, 14, 3, 22, 19, 2, 24, 12, 8, 7, 21, 10, 13, 26, 29]	0.0	1.000000000139778e-06
[0, 14, 29, 15, 12, 8, 3, 17, 10, 20, 21, 11, 18, 19, 27]	0.0	1.000000000139778e-06
[4, 0, 26, 23, 1, 12, 21, 8, 10, 11, 3, 29, 17, 25, 19]	1.000000000139778e-06	0.0
[12, 21, 2, 3, 22, 29, 4, 1, 14, 23, 20, 28, 15, 13, 0]	2.0000000000575113e-06	9.999999999177334e-07
[8, 23, 4, 10, 5, 20, 24, 21, 1, 29, 13, 27, 15, 0, 6]	1.9999999998354667e-06	9.999999999177334e-07
[10, 0, 3, 16, 11, 26, 19, 13, 20, 21, 28, 14, 2, 23, 7]	1.000000000139778e-06	1.000000000139778e-06
[27, 25, 9, 21, 6, 8, 14, 18, 22, 24, 4, 16, 11, 1, 17]	0.0	2.0000000000575113e-06
[2, 15, 28, 6, 17, 11, 26, 24, 0, 5, 13, 21, 10, 8, 7]	9.999999999177334e-07	9.999999999177334e-07
[21, 8, 24, 16, 22, 6, 25, 1, 0, 23, 15, 3, 5, 28, 19]	0.0	0.0
[11, 0, 4, 24, 6, 1, 27, 7, 16, 14, 9, 2, 21, 29, 23]	2.0000000000575113e-06	0.0
[7, 6, 11, 29, 0, 3, 17, 24, 20, 26, 18, 9, 1, 4, 13]	0.0	0.0
[9, 13, 21, 7, 25, 4, 2, 29, 24, 8, 5, 6, 11, 27, 20]	0.0	9.999999999177334e-07
[1, 0, 23, 17, 24, 27, 15, 21, 26, 16, 5, 9, 10, 11, 12]	9.999999999177334e-07	2.0000000000575113e-06
[24, 25, 6, 5, 19, 28, 2, 15, 12, 7, 3, 0, 29, 27, 20]	0.0	9.999999999177334e-07
[2, 22, 5, 16, 24, 7, 26, 19, 15, 29, 3, 8, 10, 6, 27]	0.0	2.0000000000575113e-06
[8, 3, 28, 6, 26, 16, 12, 18, 23, 5, 20, 19, 21, 9, 2]	0.0	9.999999999177334e-07
[22, 6, 18, 21, 3, 19, 16, 15, 11, 9, 1, 5, 27, 10, 29]	0.0	0.0
[6, 23, 16, 26, 22, 8, 4, 25, 3, 11, 17, 27, 12, 21, 2]	9.999999999177334e-07	0.0
[16, 8, 29, 17, 9, 5, 20, 26, 1, 25, 28, 27, 23, 18, 15]	2.0000000000575113e-06	0.0
[0, 6, 16, 4, 22, 10, 21, 17, 11, 12, 28, 15, 19, 9, 27]	9.999999999177334e-07	1.000000000139778e-06
[13, 14, 28, 4, 24, 2, 22, 21, 5, 11, 3, 23, 8, 27, 20]	0.0	1.000000000139778e-06
[27, 0, 14, 12, 16, 25, 3, 4, 22, 20, 24, 7, 23, 5, 13]	9.999999999177334e-07	9.999999999177334e-07
[16, 10, 8, 5, 27, 2, 3, 1, 18, 19, 17, 21, 28, 14, 23]	9.999999999177334e-07	0.0
[18, 1, 22, 11, 12, 25, 3, 9, 8, 14, 21, 17, 16, 24, 28]	9.999999999177334e-07	9.999999999177334e-07
[4, 24, 26, 6, 10, 22, 9, 16, 0, 2, 11, 28, 21, 14, 7]	0.0	0.0
[2, 11, 23, 5, 12, 10, 4, 7, 0, 18, 28, 1, 20, 8, 26]	0.0	9.999999999177334e-07
[10, 29, 19, 9, 15, 2, 21, 26, 0, 17, 22, 11, 3, 20, 8]	0.0	1.000000000139778e-06
[6, 25, 21, 20, 14, 10, 4, 0, 24, 1, 19, 17, 9, 5, 2]	9.999999999177334e-07	9.999999999177334e-07
[4, 16, 18, 26, 12, 21, 7, 19, 27, 5, 23, 24, 25, 3, 8]	0.0	0.0
[22, 13, 16, 11, 1, 5, 18, 23, 20, 28, 9, 12, 17, 8, 15]	2.0000000000575113e-06	0.0
[19, 18, 14, 5, 3, 15, 1, 11, 6, 8, 22, 7, 0, 20, 13]	9.999999999177334e-07	1.000000000139778e-06
[21, 28, 0, 12, 10, 4, 24, 23, 19, 18, 16, 27, 13, 6, 20]	2.0000000000575113e-06	0.0
[13, 3, 2, 8, 23, 16, 7, 19, 14, 11, 27, 4, 26, 20, 22]	0.0	2.0000000000575113e-06
[21, 11, 28, 23, 13, 16, 22, 8, 26, 10, 19, 15, 14, 20, 18]	0.0	9.999999999177334e-07
[17, 21, 14, 9, 18, 8, 4, 3, 2, 10, 5, 24, 15, 25, 12]	9.999999999177334e-07	0.0
[2, 17, 15, 5, 23, 12, 16, 13, 29, 7, 22, 4, 10, 21, 3]	9.999999999177334e-07	0.0
[3, 29, 10, 15, 22, 26, 9, 19, 5, 6, 13, 1, 18, 16, 7]	2.0000000000575113e-06	0.0
[12, 28, 7, 0, 17, 9, 2, 16, 20, 14, 19, 3, 15, 23, 11]	2.0000000000575113e-06	1.000000000139778e-06
[16, 26, 7, 12, 22, 21, 17, 0, 6, 24, 8, 11, 25, 9, 14]	0.0	2.0000000000575113e-06
[17, 10, 23, 28, 5, 24, 7, 27, 0, 19, 4, 21, 15, 6, 11]	1.000000000139778e-06	1.9999999998354667e-06
[7, 14, 11, 2, 8, 18, 29, 6, 27, 15, 12, 16, 17, 13, 10]	0.0	0.0
[11, 17, 10, 20, 3, 13, 25, 22, 5, 16, 18, 9, 8, 1, 19]	9.999999999177334e-07	1.000000000139778e-06
[24, 1, 27, 14, 3, 22, 18, 21, 11, 0, 19, 9, 5, 28, 25]	0.0	9.999999999177334e-07
[17, 26, 16, 10, 29, 6, 4, 25, 19, 13, 11, 5, 14, 9, 24]	9.999999999177334e-07	0.0
[3, 29, 23, 20, 2, 19, 0, 11, 21, 9, 8, 6, 4, 25, 5]	9.999999999177334e-07	0.0
[11, 21, 6, 3, 20, 16, 22, 25, 9, 8, 7, 14, 4, 26, 15]	9.999999999177334e-07	0.0
[7, 11, 14, 25, 5, 16, 18, 2, 19, 12, 1, 6, 20, 27, 8]	9.999999999177334e-07	9.999999999177334e-07
[6, 0, 27, 19, 3, 2, 21, 11, 1, 18, 28, 13, 15, 8, 24]	0.0	2.0000000000575113e-06
[23, 4, 0, 13, 7, 9, 29, 8, 27, 3, 10, 22, 6, 21, 26]	9.999999999177334e-07	0.0
[7, 24, 16, 12, 9, 3, 17, 18, 21, 19, 6, 14, 22, 1, 10]	0.0	1.000000000139778e-06
[8, 10, 16, 6, 27, 9, 11, 24, 4, 25, 7, 18, 20, 5, 14]	1.000000000139778e-06	0.0
[5, 6, 7, 10, 12, 23, 26, 18, 21, 4, 17, 13, 25, 28, 11]	0.0	0.0
[26, 25, 22, 21, 28, 19, 27, 15, 14, 6, 4, 23, 11, 9, 24]	2.0000000000575113e-06	0.0
[20, 5, 18, 25, 17, 29, 19, 11, 10, 4, 1, 12, 0, 2, 9]	9.999999999177334e-07	0.0
[14, 29, 9, 17, 0, 27, 12, 19, 16, 22, 18, 8, 24, 28, 4]	0.0	0.0
[1, 25, 0, 7, 18, 19, 4, 26, 29, 6, 13, 20, 2, 17, 10]	0.0	1.000000000139778e-06
[2, 12, 7, 8, 26, 21, 27, 17, 4, 19, 16, 24, 5, 22, 0]	1.000000000139778e-06	1.000000000139778e-06
[3, 15, 18, 2, 11, 14, 19, 22, 6, 27, 4, 1, 10, 28, 26]	0.0	9.999999999177334e-07
[11, 8, 29, 14, 13, 22, 5, 28, 19, 17, 4, 18, 27, 9, 0]	1.9999999998354667e-06	9.999999999177334e-07
[1, 16, 3, 2, 0, 5, 27, 29, 20, 23, 6, 9, 8, 12, 13]	9.999999999177334e-07	0.0
[28, 12, 18, 19, 2, 27, 11, 17, 26, 21, 4, 24, 15, 1, 16]	1.000000000139778e-06	2.0000000000575113e-06
[15, 13, 16, 28, 4, 24, 27, 17, 21, 12, 29, 2, 5, 26, 9]	0.0	1.000000000139778e-06
[13, 6, 11, 14, 10, 15, 3, 8, 0, 1, 12, 21, 25, 2, 20]	1.000000000139778e-06	0.0
[26, 28, 12, 19, 14, 16, 8, 29, 10, 5, 17, 27, 11, 1, 0]	0.0	0.0
[2, 6, 16, 14, 28, 18, 12, 13, 23, 20, 26, 17, 15, 24, 29]	9.999999999177334e-07	0.0
[22, 12, 29, 6, 20, 8, 26, 4, 10, 1, 16, 7, 14, 13, 17]	1.000000000139778e-06	9.999999999177334e-07
[9, 11, 3, 27, 2, 6, 7, 4, 10, 19, 1, 25, 15, 20, 0]	0.0	1.000000000139778e-06
[11, 10, 1, 0, 17, 7, 3, 26, 16, 6, 2, 15, 14, 19, 13]	9.999999999177334e-07	9.999999999177334e-07
[10, 7, 27, 15, 8, 5, 22, 24, 11, 29, 3, 13, 23, 9, 18]	0.0	0.0
[6, 22, 15, 7, 9, 14, 13, 10, 23, 19, 0, 4, 3, 25, 26]	9.999999999177334e-07	0.0
[26, 7, 14, 12, 4, 25, 1, 10, 29, 16, 13, 8, 27, 22, 21]	9.999999999177334e-07	0.0
[2, 1, 26, 12, 11, 6, 3, 16, 0, 22, 28, 7, 25, 10, 20]	0.0	1.000000000139778e-06
[27, 21, 22, 7, 23, 0, 3, 29, 10, 16, 1, 14, 2, 8, 19]	9.999999999177334e-07	2.0000000000575113e-06
[6, 16, 25, 14, 28, 1, 23, 7, 20, 18, 5, 12, 9, 22, 21]	0.0	9.999999999177334e-07
[26, 21, 11, 7, 23, 19, 9, 12, 14, 6, 4, 17, 10, 25, 20]	9.999999999177334e-07	9.999999999177334e-07
[4, 9, 20, 26, 19, 21, 12, 3, 2, 28, 0, 22, 6, 27, 25]	9.999999999177334e-07	9.999999999177334e-07
[2, 14, 15, 23, 16, 19, 12, 7, 3, 18, 0, 8, 11, 22, 4]	9.999999999177334e-07	1.000000000139778e-06
[28, 24, 19, 20, 14, 15, 8, 3, 7, 21, 17, 16, 12, 9, 29]	0.0	1.000000000139778e-06
[4, 0, 14, 2, 11, 5, 27, 25, 26, 22, 20, 21, 9, 28, 6]	2.9999999999752447e-06	2.0000000000575113e-06
[5, 7, 19, 15, 11, 16, 9, 12, 23, 0, 10, 4, 8, 17, 28]	1.000000000139778e-06	0.0
[19, 16, 22, 23, 1, 6, 18, 4, 0, 27, 28, 13, 25, 29, 21]	9.999999999177334e-07	0.0
[1, 29, 21, 24, 19, 4, 9, 11, 3, 23, 18, 10, 0, 5, 16]	9.999999999177334e-07	0.0
[13, 5, 25, 2, 1, 27, 11, 9, 21, 29, 10, 14, 20, 28, 3]	2.0000000000575113e-06	1.000000000139778e-06
[27, 24, 3, 2, 9, 29, 14, 23, 20, 26, 25, 21, 13, 17, 4]	0.0	9.999999999177334e-07
[23, 17, 21, 18, 6, 5, 8, 24, 14, 29, 26, 13, 12, 2, 15]	1.000000000139778e-06	2.0000000000575113e-06
[6, 8, 18, 17, 7, 5, 13, 15, 0, 11, 24, 14, 19, 27, 25]	0.0	0.0
[5, 11, 6, 24, 1, 10, 25, 13, 12, 3, 29, 15, 17, 20, 28]	0.0	0.0
[17, 26, 16, 5, 2, 19, 14, 9, 21, 4, 18, 28, 10, 13, 12]	1.000000000139778e-06	9.999999999177334e-07
[8, 26, 3, 28, 5, 11, 24, 2, 12, 27, 14, 1, 15, 7, 13]	1.000000000139778e-06	1.000000000139778e-06
[6, 21, 1, 13, 29, 25, 0, 24, 5, 23, 14, 2, 18, 22, 12]	9.999999999177334e-07	9.999999999177334e-07
[4, 8, 14, 24, 19, 21, 5, 6, 20, 0, 2, 25, 3, 23, 12]	1.000000000139778e-06	9.999999999177334e-07
[1, 4, 13, 2, 8, 17, 23, 26, 16, 12, 18, 14, 19, 15, 0]	0.0	2.0000000000575113e-06
[13, 16, 4, 21, 10, 5, 7, 11, 24, 19, 27, 26, 1, 3, 23]	0.0	9.999999999177334e-07
[29, 14, 18, 16, 27, 6, 9, 23, 5, 8, 22, 0, 3, 19, 20]	9.999999999177334e-07	1.000000000139778e-06
[0, 25, 13, 26, 24, 12, 9, 2, 20, 3, 21, 23, 8, 29, 22]	2.0000000000575113e-06	0.0
[19, 0, 16, 23, 4, 9, 24, 5, 27, 15, 29, 6, 21, 3, 25]	2.0000000000575113e-06	0.0
[2, 21, 4, 20, 22, 26, 23, 25, 13, 0, 1, 10, 14, 17, 19]	0.0	9.999999999177334e-07
[10, 12, 25, 9, 24, 19, 14, 0, 7, 16, 2, 6, 17, 8, 4]	0.0	2.0000000000575113e-06
[0, 26, 24, 21, 13, 18, 20, 28, 3, 10, 22, 25, 1, 6, 15]	0.0	1.9999999998354667e-06
[28, 29, 21, 25, 17, 27, 20, 7, 0, 5, 26, 8, 12, 14, 24]	0.0	1.000000000139778e-06
[23, 1, 12, 17, 10, 14, 7, 15, 5, 13, 19, 4, 21, 27, 25]	0.0	0.0
[27, 14, 17, 7, 9, 2, 11, 13, 25, 15, 28, 26, 10, 24, 19]	9.999999999177334e-07	0.0
[16, 11, 19, 27, 3, 15, 5, 0, 26, 13, 24, 17, 8, 10, 9]	9.999999999177334e-07	0.0
[0, 21, 3, 24, 4, 2, 18, 7, 20, 23, 29, 10, 28, 27, 26]	0.0	9.999999999177334e-07
[26, 4, 22, 21, 9, 25, 15, 0, 29, 20, 12, 24, 11, 6, 23]	9.999999999177334e-07	9.999999999177334e-07
[6, 29, 22, 26, 28, 7, 3, 13, 19, 27, 17, 24, 5, 18, 9]	2.0000000000575113e-06	9.999999999177334e-07
[9, 3, 13, 2, 1, 8, 12, 18, 23, 27, 24, 21, 14, 17, 19]	9.999999999177334e-07	9.999999999177334e-07
[15, 3, 26, 1, 29, 13, 10, 4, 20, 9, 7, 24, 11, 14, 23]	0.0	9.999999999177334e-07
[25, 5, 21, 2, 10, 6, 20, 26, 29, 8, 11, 15, 14, 16, 4]	9.999999999177334e-07	9.999999999177334e-07
[25, 24, 23, 4, 21, 20, 1, 6, 14, 9, 2, 3, 27, 19, 29]	1.000000000139778e-06	0.0
[10, 4, 22, 5, 0, 27, 17, 26, 7, 2, 1, 21, 28, 8, 11]	9.999999999177334e-07	9.999999999177334e-07
[17, 26, 22, 28, 0, 21, 29, 18, 2, 20, 1, 19, 11, 6, 7]	9.999999999177334e-07	0.0
[6, 26, 3, 18, 2, 22, 0, 24, 9, 21, 28, 5, 4, 16, 15]	2.0000000000575113e-06	0.0
[16, 23, 9, 8, 11, 25, 28, 29, 18, 17, 19, 1, 6, 3, 13]	2.0000000000575113e-06	0.0
[26, 23, 18, 2, 13, 22, 21, 17, 27, 11, 14, 20, 8, 9, 15]	1.000000000139778e-06	1.000000000139778e-06
[19, 7, 20, 21, 17, 18, 6, 27, 1, 14, 25, 29, 10, 2, 12]	1.000000000139778e-06	9.999999999177334e-07
[28, 22, 9, 15, 5, 18, 6, 19, 23, 25, 17, 10, 26, 1, 12]	0.0	0.0
[5, 28, 24, 7, 12, 15, 25, 27, 14, 17, 20, 2, 6, 22, 0]	1.000000000139778e-06	2.0000000000575113e-06
[22, 19, 9, 21, 28, 6, 29, 18, 24, 2, 23, 3, 8, 7, 5]	0.0	1.9999999998354667e-06
[6, 12, 15, 11, 3, 25, 23, 16, 14, 5, 22, 1, 18, 26, 7]	0.0	0.0
[9, 12, 24, 18, 25, 26, 22, 27, 7, 23, 16, 2, 17, 10, 14]	0.0	0.0
[3, 15, 27, 2, 29, 28, 18, 11, 14, 26, 17, 22, 8, 5, 24]	9.999999999177334e-07	9.999999999177334e-07
[10, 19, 12, 20, 28, 14, 27, 7, 25, 29, 2, 4, 5, 17, 26]	9.999999999177334e-07	0.0
[4, 23, 18, 20, 5, 3, 17, 19, 1, 26, 0, 28, 12, 15, 10]	0.0	9.999999999177334e-07
[9, 2, 26, 3, 8, 20, 27, 17, 28, 23, 10, 14, 11, 0, 29]	9.999999999177334e-07	1.000000000139778e-06
[22, 21, 23, 16, 27, 13, 12, 15, 19, 25, 29, 28, 0, 2, 26]	0.0	1.000000000139778e-06
[14, 29, 12, 26, 16, 2, 4, 18, 22, 8, 24, 0, 23, 5, 11]	9.999999999177334e-07	1.000000000139778e-06
[28, 22, 1, 26, 17, 6, 23, 20, 9, 11, 12, 4, 7, 10, 0]	9.999999999177334e-07	9.999999999177334e-07
[22, 17, 15, 10, 6, 5, 9, 3, 13, 29, 16, 25, 4, 12, 21]	9.999999999177334e-07	0.0
[4, 1, 11, 26, 29, 2, 6, 21, 13, 16, 19, 3, 20, 22, 28]	0.0	1.000000000139778e-06
[14, 7, 17, 10, 19, 15, 3, 18, 20, 24, 21, 27, 2, 9, 16]	0.0	1.000000000139778e-06
[22, 27, 8, 11, 3, 4, 17, 6, 10, 14, 25, 19, 20, 7, 29]	0.0	0.0
[17, 20, 26, 25, 9, 11, 27, 18, 24, 12, 2, 0, 23, 28, 22]	1.000000000139778e-06	9.999999999177334e-07
[17, 20, 13, 9, 10, 29, 3, 18, 25, 21, 7, 5, 24, 22, 8]	1.000000000139778e-06	0.0
[28, 29, 20, 8, 13, 12, 25, 6, 19, 24, 11, 26, 9, 5, 27]	0.0	1.000000000139778e-06
[14, 1, 25, 6, 27, 18, 23, 7, 3, 24, 19, 11, 13, 0, 26]	1.000000000139778e-06	9.999999999177334e-07
[26, 23, 20, 4, 25, 6, 21, 22, 1, 14, 16, 24, 19, 15, 10]	1.000000000139778e-06	0.0
[16, 25, 8, 18, 19, 13, 7, 12, 24, 6, 11, 21, 5, 10, 3]	2.0000000000575113e-06	9.999999999177334e-07
[21, 16, 5, 20, 11, 7, 24, 1, 3, 9, 12, 0, 6, 14, 25]	2.0000000000575113e-06	9.999999999177334e-07
[26, 10, 1, 3, 27, 8, 21, 5, 12, 29, 17, 28, 24, 25, 16]	0.0	1.9999999998354667e-06
[15, 17, 10, 13, 29, 1, 14, 27, 25, 19, 16, 12, 11, 23, 26]	0.0	0.0
[3, 21, 4, 22, 24, 18, 1, 29, 28, 27, 23, 9, 15, 6, 7]	1.9999999998354667e-06	1.000000000139778e-06
[5, 16, 13, 2, 15, 18, 22, 0, 1, 24, 8, 20, 9, 19, 28]	9.999999999177334e-07	1.9999999998354667e-06
[12, 4, 11, 5, 28, 3, 6, 22, 26, 25, 10, 14, 17, 2, 21]	1.9999999998354667e-06	2.0000000000575113e-06
[15, 17, 3, 13, 26, 19, 29, 4, 11, 18, 23, 25, 2, 1, 7]	9.999999999177334e-07	1.000000000139778e-06
[2, 24, 4, 17, 21, 29, 22, 26, 27, 10, 23, 7, 19, 16, 1]	1.9999999998354667e-06	0.0
[1, 27, 17, 3, 18, 25, 4, 0, 28, 29, 23, 15, 2, 5, 26]	0.0	2.0000000000575113e-06
[21, 17, 3, 6, 10, 8, 28, 19, 18, 15, 12, 26, 27, 4, 5]	0.0	0.0
[21, 18, 16, 26, 24, 9, 17, 5, 19, 1, 23, 14, 13, 28, 25]	9.999999999177334e-07	0.0
[15, 13, 25, 3, 7, 10, 12, 21, 6, 9, 2, 27, 23, 29, 17]	9.999999999177334e-07	1.000000000139778e-06
[27, 5, 18, 11, 7, 9, 1, 23, 4, 25, 15, 26, 14, 19, 10]	0.0	9.999999999177334e-07
[1, 22, 16, 26, 17, 3, 9, 11, 10, 24, 27, 29, 2, 7, 14]	1.000000000139778e-06	9.999999999177334e-07
[5, 29, 28, 18, 24, 6, 16, 0, 15, 26, 11, 1, 2, 12, 9]	0.0	2.0000000000575113e-06
[11, 19, 1, 29, 7, 4, 28, 3, 21, 13, 16, 9, 10, 12, 8]	0.0	0.0
[4, 6, 7, 2, 19, 0, 5, 29, 8, 20, 13, 14, 28, 3, 21]	9.999999999177334e-07	9.999999999177334e-07
[5, 19, 29, 1, 23, 17, 27, 9, 24, 3, 21, 15, 16, 18, 14]	9.999999999177334e-07	0.0
[4, 24, 8, 25, 21, 11, 14, 23, 28, 2, 6, 7, 1, 0, 12]	0.0	0.0
[25, 5, 8, 19, 13, 16, 26, 11, 3, 4, 6, 22, 20, 7, 24]	0.0	0.0
[1, 29, 16, 19, 5, 0, 12, 8, 6, 18, 24, 14, 13, 28, 10]	9.999999999177334e-07	2.0000000000575113e-06
[10, 2, 13, 5, 11, 26, 28, 19, 20, 8, 18, 4, 15, 9, 29]	0.0	9.999999999177334e-07
[6, 0, 3, 7, 2, 8, 12, 15, 28, 1, 27, 22, 20, 21, 29]	0.0	0.0
[0, 12, 25, 14, 18, 4, 1, 7, 23, 15, 11, 26, 21, 2, 8]	1.000000000139778e-06	1.9999999998354667e-06
[25, 5, 20, 11, 26, 17, 19, 9, 15, 10, 4, 16, 1, 6, 14]	9.999999999177334e-07	9.999999999177334e-07
[15, 28, 5, 10, 9, 22, 19, 8, 25, 14, 6, 11, 21, 20, 17]	9.999999999177334e-07	9.999999999177334e-07
[0, 15, 16, 7, 22, 11, 23, 26, 3, 4, 14, 13, 20, 24, 27]	0.0	0.0
[23, 25, 1, 13, 14, 27, 5, 11, 26, 6, 21, 15, 9, 20, 22]	0.0	0.0
[7, 13, 27, 10, 15, 18, 24, 12, 14, 23, 2, 11, 20, 29, 26]	9.999999999177334e-07	9.999999999177334e-07
[25, 13, 21, 7, 5, 0, 1, 22, 14, 3, 27, 16, 28, 9, 26]	9.999999999177334e-07	9.999999999177334e-07
[19, 15, 5, 17, 10, 9, 26, 12, 1, 3, 0, 27, 14, 11, 6]	0.0	2.0000000000575113e-06
[9, 19, 14, 17, 11, 28, 18, 24, 13, 16, 22, 1, 7, 8, 12]	9.999999999177334e-07	1.000000000139778e-06
[29, 19, 27, 16, 28, 11, 4, 9, 23, 6, 5, 12, 0, 18, 3]	9.999999999177334e-07	1.000000000139778e-06
[11, 29, 21, 1, 15, 23, 13, 20, 5, 8, 2, 12, 10, 17, 26]	9.999999999177334e-07	0.0
[19, 12, 16, 21, 7, 6, 1, 9, 4, 10, 3, 20, 8, 24, 28]	9.999999999177334e-07	0.0
[5, 17, 21, 22, 15, 0, 26, 28, 13, 19, 18, 11, 6, 14, 12]	9.999999999177334e-07	9.999999999177334e-07
[7, 29, 11, 9, 20, 16, 3, 4, 26, 8, 23, 17, 25, 21, 12]	1.000000000139778e-06	2.0000000000575113e-06
[28, 6, 23, 27, 16, 24, 17, 0, 15, 2, 26, 25, 19, 29, 20]	9.999999999177334e-07	9.999999999177334e-07
[8, 14, 7, 22, 24, 5, 3, 23, 17, 29, 25, 11, 2, 0, 15]	1.000000000139778e-06	0.0
[6, 9, 11, 29, 25, 23, 3, 17, 14, 24, 13, 21, 19, 1, 18]	1.000000000139778e-06	1.000000000139778e-06
[0, 2, 20, 25, 22, 29, 18, 17, 26, 14, 16, 10, 24, 11, 7]	9.999999999177334e-07	0.0
[15, 7, 10, 9, 25, 2, 20, 4, 0, 3, 27, 23, 12, 28, 16]	2.0000000000575113e-06	0.0
[0, 2, 22, 26, 17, 18, 28, 27, 25, 12, 19, 1, 20, 6, 9]	0.0	9.999999999177334e-07
[9, 16, 26, 12, 14, 11, 21, 2, 18, 25, 19, 20, 5, 10, 6]	9.999999999177334e-07	2.0000000000575113e-06
[5, 0, 19, 1, 6, 2, 27, 3, 14, 16, 26, 15, 12, 20, 7]	9.999999999177334e-07	0.0
[7, 11, 3, 26, 18, 1, 10, 14, 22, 19, 12, 23, 20, 13, 6]	0.0	0.0
[25, 17, 20, 29, 24, 27, 13, 21, 16, 1, 0, 4, 23, 26, 11]	1.000000000139778e-06	0.0
[18, 5, 21, 20, 16, 4, 27, 24, 14, 9, 13, 3, 22, 15, 25]	1.000000000139778e-06	0.0
[11, 1, 28, 5, 27, 25, 10, 18, 19, 8, 6, 13, 17, 3, 29]	1.000000000139778e-06	0.0
[19, 2, 27, 12, 23, 7, 0, 17, 25, 9, 21, 4, 1, 24, 20]	9.999999999177334e-07	9.999999999177334e-07
[8, 17, 12, 24, 22, 7, 28, 5, 23, 1, 4, 19, 0, 10, 27]	9.999999999177334e-07	1.9999999998354667e-06
[17, 25, 26, 23, 14, 8, 12, 6, 10, 7, 9, 15, 27, 18, 0]	0.0	9.999999999177334e-07
[11, 28, 6, 19, 10, 3, 25, 26, 4, 14, 15, 27, 24, 23, 22]	9.999999999177334e-07	9.999999999177334e-07
[2, 21, 20, 4, 27, 15, 6, 5, 19, 16, 7, 13, 1, 14, 26]	0.0	0.0
[19, 7, 25, 22, 23, 11, 13, 0, 3, 9, 17, 12, 1, 4, 21]	0.0	2.0000000000575113e-06
[25, 23, 19, 29, 21, 15, 26, 3, 14, 1, 4, 8, 11, 22, 9]	0.0	1.000000000139778e-06
[6, 10, 27, 19, 21, 8, 20, 14, 1, 23, 0, 7, 5, 25, 3]	0.0	9.999999999177334e-07
[11, 9, 4, 12, 6, 29, 1, 16, 2, 7, 15, 18, 17, 8, 20]	1.9999999998354667e-06	1.000000000139778e-06
[28, 21, 10, 14, 18, 20, 17, 27, 1, 23, 6, 16, 15, 7, 4]	9.999999999177334e-07	2.0000000000575113e-06
[3, 21, 16, 15, 14, 28, 22, 10, 17, 4, 8, 13, 0, 12, 6]	2.0000000000575113e-06	2.0000000000575113e-06
[5, 15, 21, 10, 19, 13, 18, 14, 17, 26, 11, 20, 2, 16, 4]	9.999999999177334e-07	0.0
[1, 24, 26, 16, 13, 15, 19, 14, 6, 18, 10, 28, 20, 3, 5]	1.000000000139778e-06	0.0
[0, 9, 10, 7, 8, 17, 23, 12, 29, 27, 14, 15, 19, 11, 26]	0.0	2.0000000000575113e-06
[21, 28, 9, 23, 13, 10, 26, 4, 18, 8, 0, 2, 1, 17, 19]	9.999999999177334e-07	9.999999999177334e-07
[28, 6, 25, 22, 19, 14, 0, 5, 9, 3, 12, 8, 10, 23, 11]	0.0	0.0
[16, 9, 4, 20, 14, 18, 13, 5, 7, 2, 6, 21, 17, 23, 25]	9.999999999177334e-07	1.000000000139778e-06
[5, 0, 6, 8, 26, 19, 24, 7, 15, 25, 21, 23, 3, 4, 2]	9.999999999177334e-07	3.4000000000089514e-05
[28, 23, 25, 17, 29, 4, 7, 20, 5, 19, 27, 22, 12, 2, 10]	1.000000000139778e-06	9.999999999177334e-07
[22, 1, 11, 28, 3, 17, 9, 13, 27, 29, 19, 24, 21, 20, 14]	9.999999999177334e-07	0.0
[21, 19, 23, 7, 29, 15, 5, 18, 1, 20, 9, 12, 25, 27, 13]	1.000000000139778e-06	9.999999999177334e-07
[9, 25, 11, 14, 2, 13, 17, 15, 8, 28, 16, 24, 20, 21, 1]	9.999999999177334e-07	1.000000000139778e-06
[17, 23, 16, 24, 3, 0, 19, 12, 10, 5, 29, 8, 4, 11, 1]	0.0	0.0
[6, 3, 0, 4, 21, 1, 13, 28, 23, 27, 25, 8, 7, 5, 12]	9.999999999177334e-07	0.0
[21, 28, 2, 4, 15, 20, 29, 25, 3, 12, 8, 5, 13, 26, 18]	1.9999999998354667e-06	9.999999999177334e-07
[14, 29, 4, 2, 21, 1, 10, 12, 18, 9, 28, 19, 6, 26, 5]	9.999999999177334e-07	2.0000000000575113e-06
[29, 8, 16, 2, 10, 9, 4, 26, 23, 22, 6, 0, 1, 21, 3]	0.0	1.9999999998354667e-06
[21, 24, 0, 23, 26, 19, 5, 18, 20, 14, 22, 9, 10, 11, 17]	0.0	0.0
[0, 21, 4, 2, 1, 10, 6, 18, 16, 27, 11, 15, 28, 12, 25]	1.000000000139778e-06	9.999999999177334e-07
[18, 25, 19, 1, 29, 17, 5, 0, 21, 10, 14, 24, 23, 11, 20]	1.9999999998354667e-06	0.0
[13, 2, 24, 9, 17, 27, 18, 11, 28, 12, 21, 26, 7, 23, 0]	1.000000000139778e-06	9.999999999177334e-07
[9, 2, 18, 1, 3, 21, 15, 26, 25, 17, 10, 23, 22, 14, 13]	0.0	0.0
[27, 1, 11, 3, 29, 2, 18, 16, 5, 12, 7, 8, 21, 9, 26]	0.0	9.999999999177334e-07
[9, 1, 3, 28, 21, 10, 20, 22, 26, 17, 8, 24, 14, 13, 7]	1.000000000139778e-06	1.000000000139778e-06
[5, 15, 3, 7, 10, 0, 14, 9, 12, 24, 1, 6, 21, 20, 11]	0.0	1.000000000139778e-06
[27, 5, 19, 3, 26, 1, 2, 6, 29, 13, 23, 20, 4, 28, 14]	1.000000000139778e-06	9.999999999177334e-07
[9, 25, 11, 16, 2, 29, 5, 13, 14, 6, 18, 15, 12, 7, 3]	9.999999999177334e-07	9.999999999177334e-07
[19, 1, 26, 18, 17, 4, 9, 0, 8, 29, 13, 20, 15, 16, 2]	1.000000000139778e-06	1.000000000139778e-06
[3, 5, 14, 28, 18, 27, 16, 8, 29, 0, 15, 17, 23, 20, 4]	0.0	9.999999999177334e-07
[13, 11, 25, 12, 14, 0, 24, 29, 7, 3, 27, 9, 20, 19, 8]	1.000000000139778e-06	0.0
[22, 12, 27, 14, 6, 16, 0, 3, 23, 7, 8, 13, 4, 29, 15]	1.000000000139778e-06	9.999999999177334e-07
[14, 13, 10, 1, 23, 21, 11, 16, 15, 22, 29, 8, 24, 2, 5]	1.000000000139778e-06	1.000000000139778e-06
[4, 0, 8, 26, 24, 12, 29, 15, 23, 3, 7, 20, 6, 25, 13]	9.999999999177334e-07	0.0
[28, 3, 20, 6, 26, 25, 4, 1, 29, 12, 8, 14, 7, 0, 21]	0.0	9.999999999177334e-07
[26, 9, 21, 15, 14, 18, 23, 20, 29, 24, 4, 2, 22, 1, 28]	9.999999999177334e-07	0.0
[19, 2, 29, 22, 16, 10, 18, 7, 28, 4, 0, 6, 27, 24, 13]	9.999999999177334e-07	9.999999999177334e-07
[4, 22, 18, 23, 3, 2, 9, 1, 17, 8, 10, 12, 19, 13, 21]	2.0000000000575113e-06	0.0
[9, 5, 14, 18, 8, 26, 22, 24, 27, 0, 16, 17, 19, 25, 23]	0.0	9.999999999177334e-07
[15, 16, 19, 6, 8, 4, 23, 27, 14, 0, 10, 7, 29, 28, 18]	0.0	1.9999999998354667e-06
[20, 21, 0, 22, 28, 2, 13, 3, 10, 14, 23, 4, 5, 11, 8]	0.0	1.000000000139778e-06
[26, 7, 15, 10, 29, 25, 14, 5, 17, 3, 28, 12, 16, 0, 19]	1.3000000000040757e-05	2.0000000000575113e-06
[2, 8, 24, 7, 18, 9, 5, 25, 14, 1, 19, 15, 22, 21, 11]	2.0000000000575113e-06	9.999999999177334e-07
[21, 27, 7, 8, 0, 19, 23, 22, 9, 12, 18, 24, 29, 2, 11]	1.000000000139778e-06	9.999999999177334e-07
[27, 10, 4, 15, 22, 1, 8, 13, 12, 14, 24, 7, 21, 17, 6]	9.999999999177334e-07	9.999999999177334e-07
[20, 18, 8, 4, 28, 1, 13, 26, 21, 9, 17, 29, 3, 23, 2]	9.999999999177334e-07	1.000000000139778e-06
[19, 3, 5, 24, 29, 17, 2, 10, 25, 1, 27, 14, 26, 22, 23]	0.0	0.0
[1, 0, 24, 3, 6, 23, 2, 20, 27, 5, 28, 17, 29, 8, 14]	1.000000000139778e-06	9.999999999177334e-07
[6, 10, 18, 13, 29, 26, 22, 20, 24, 7, 15, 2, 8, 4, 0]	9.999999999177334e-07	9.999999999177334e-07
[4, 8, 11, 5, 28, 23, 1, 17, 18, 27, 26, 10, 14, 25, 20]	9.999999999177334e-07	9.999999999177334e-07
[13, 6, 24, 15, 27, 19, 26, 16, 5, 10, 28, 29, 17, 9, 1]	9.999999999177334e-07	1.9999999998354667e-06
[8, 27, 5, 12, 26, 23, 18, 28, 24, 7, 13, 19, 6, 21, 10]	0.0	9.999999999177334e-07
[6, 24, 0, 28, 2, 15, 4, 19, 14, 10, 11, 22, 29, 23, 12]	0.0	1.000000000139778e-06
[8, 17, 25, 13, 10, 24, 2, 23, 5, 11, 21, 12, 19, 26, 27]	2.0000000000575113e-06	1.000000000139778e-06
[14, 9, 3, 5, 20, 19, 8, 11, 21, 27, 13, 16, 25, 1, 26]	1.9999999998354667e-06	1.000000000139778e-06
[28, 3, 5, 1, 12, 29, 11, 20, 24, 15, 19, 7, 8, 16, 27]	0.0	2.0000000000575113e-06
[10, 4, 29, 26, 16, 15, 28, 7, 23, 13, 2, 8, 0, 3, 18]	9.999999999177334e-07	1.000000000139778e-06
[11, 10, 6, 3, 2, 26, 13, 28, 7, 21, 17, 24, 12, 14, 5]	0.0	9.999999999177334e-07
[23, 8, 22, 9, 1, 27, 25, 0, 29, 11, 24, 14, 10, 7, 12]	1.000000000139778e-06	0.0
[22, 13, 12, 10, 19, 25, 11, 15, 8, 3, 18, 21, 6, 28, 2]	9.999999999177334e-07	0.0
[23, 10, 15, 20, 22, 12, 2, 21, 19, 13, 27, 18, 4, 25, 11]	9.999999999177334e-07	2.0000000000575113e-06
[28, 12, 15, 5, 25, 17, 0, 2, 23, 3, 7, 26, 18, 22, 21]	0.0	0.0
[20, 7, 27, 4, 14, 11, 5, 25, 18, 19, 22, 17, 8, 28, 3]	0.0	1.000000000139778e-06
[15, 0, 10, 3, 4, 17, 16, 28, 8, 22, 25, 18, 26, 29, 9]	0.0	2.0000000000575113e-06
[8, 10, 11, 4, 12, 14, 18, 25, 17, 9, 20, 26, 0, 3, 29]	9.999999999177334e-07	9.999999999177334e-07
[14, 10, 3, 29, 21, 25, 15, 11, 5, 22, 27, 9, 17, 2, 18]	2.0000000000575113e-06	0.0
[5, 14, 21, 10, 28, 24, 19, 16, 2, 4, 17, 11, 29, 7, 13]	2.0000000000575113e-06	0.0
[9, 6, 1, 24, 17, 16, 20, 13, 18, 22, 8, 25, 3, 15, 29]	9.999999999177334e-07	9.999999999177334e-07
[26, 25, 23, 0, 4, 5, 17, 14, 21, 29, 10, 9, 6, 16, 2]	9.999999999177334e-07	0.0
[23, 2, 13, 0, 26, 4, 22, 27, 8, 7, 5, 20, 25, 1, 21]	0.0	1.000000000139778e-06
[6, 13, 19, 26, 18, 16, 1, 29, 14, 23, 11, 28, 24, 25, 20]	0.0	0.0
[27, 19, 4, 9, 25, 24, 14, 18, 20, 0, 7, 16, 2, 28, 22]	1.000000000139778e-06	2.0000000000575113e-06
[10, 7, 4, 1, 2, 21, 18, 23, 12, 16, 25, 29, 6, 20, 14]	0.0	1.9999999998354667e-06
[23, 7, 17, 27, 28, 18, 10, 5, 14, 3, 2, 9, 20, 0, 29]	2.0000000000575113e-06	9.999999999177334e-07
[11, 3, 14, 23, 16, 21, 9, 13, 7, 12, 1, 18, 24, 20, 10]	0.0	0.0
[17, 11, 4, 20, 16, 6, 26, 19, 0, 29, 25, 15, 2, 21, 28]	9.999999999177334e-07	2.0000000000575113e-06
[14, 19, 22, 5, 0, 20, 16, 18, 10, 26, 29, 21, 8, 6, 3]	9.999999999177334e-07	9.999999999177334e-07
[12, 27, 17, 9, 13, 25, 8, 5, 21, 29, 0, 18, 24, 15, 1]	1.000000000139778e-06	0.0
[9, 10, 5, 13, 2, 0, 6, 11, 16, 12, 24, 22, 8, 15, 28]	1.000000000139778e-06	9.999999999177334e-07
[22, 29, 17, 23, 21, 6, 1, 2, 8, 18, 14, 3, 7, 9, 12]	9.999999999177334e-07	1.000000000139778e-06
[28, 8, 16, 17, 11, 24, 26, 4, 5, 2, 1, 6, 10, 12, 13]	1.000000000139778e-06	0.0
[23, 4, 18, 7, 9, 25, 14, 8, 24, 29, 17, 19, 5, 22, 20]	0.0	2.0000000000575113e-06
[3, 7, 26, 4, 6, 22, 19, 18, 2, 20, 16, 5, 17, 13, 10]	0.0	1.9999999998354667e-06
[13, 0, 25, 12, 6, 18, 1, 20, 16, 4, 19, 5, 22, 11, 10]	9.999999999177334e-07	1.000000000139778e-06
[18, 3, 8, 2, 24, 15, 13, 26, 27, 7, 20, 10, 28, 16, 14]	1.9999999998354667e-06	0.0
[6, 17, 15, 2, 20, 22, 27, 14, 18, 13, 25, 21, 19, 11, 16]	0.0	1.000000000139778e-06
[12, 22, 8, 27, 13, 16, 3, 17, 26, 14, 11, 9, 28, 6, 18]	1.000000000139778e-06	2.0000000000575113e-06
[4, 25, 24, 19, 14, 7, 11, 17, 20, 21, 27, 9, 2, 8, 0]	9.999999999177334e-07	1.000000000139778e-06
[0, 15, 23, 1, 27, 21, 6, 13, 5, 4, 8, 25, 9, 12, 17]	0.0	0.0
[21, 1, 12, 5, 8, 22, 17, 2, 14, 28, 15, 25, 13, 18, 26]	9.999999999177334e-07	0.0
[3, 14, 11, 24, 17, 5, 15, 19, 6, 20, 0, 8, 23, 28, 4]	0.0	1.000000000139778e-06
[0, 26, 10, 4, 23, 5, 16, 2, 21, 9, 3, 12, 22, 11, 18]	1.000000000139778e-06	2.0000000000575113e-06
[14, 11, 3, 1, 26, 28, 0, 18, 27, 15, 9, 10, 12, 8, 20]	0.0	9.999999999177334e-07
[27, 8, 29, 16, 1, 13, 0, 19, 24, 4, 17, 15, 21, 28, 26]	1.9999999998354667e-06	1.000000000139778e-06
[13, 4, 20, 5, 12, 22, 18, 0, 2, 27, 15, 1, 7, 9, 21]	2.0000000000575113e-06	9.999999999177334e-07
[19, 26, 29, 2, 21, 14, 5, 18, 11, 1, 15, 24, 7, 28, 8]	0.0	0.0
[28, 13, 18, 10, 16, 26, 7, 2, 8, 9, 20, 12, 15, 14, 1]	0.0	9.999999999177334e-07
[0, 10, 24, 8, 9, 27, 23, 3, 25, 1, 7, 5, 16, 2, 12]	0.0	9.999999999177334e-07
[17, 3, 13, 29, 20, 2, 7, 16, 21, 10, 23, 25, 8, 26, 1]	2.0000000000575113e-06	0.0
[0, 4, 16, 12, 25, 21, 13, 3, 19, 20, 5, 1, 24, 14, 26]	9.999999999177334e-07	0.0
[24, 15, 1, 20, 11, 27, 26, 21, 0, 12, 16, 28, 9, 3, 22]	0.0	1.000000000139778e-06
[6, 13, 10, 3, 15, 19, 26, 29, 12, 21, 9, 27, 16, 20, 2]	9.999999999177334e-07	2.0000000000575113e-06
[18, 19, 17, 7, 14, 21, 25, 29, 8, 4, 16, 1, 0, 2, 23]	9.999999999177334e-07	9.999999999177334e-07
[5, 20, 14, 24, 27, 10, 11, 0, 22, 29, 2, 1, 21, 16, 25]	9.999999999177334e-07	0.0
[24, 3, 5, 26, 7, 27, 11, 16, 15, 21, 1, 2, 6, 28, 13]	0.0	9.999999999177334e-07
[5, 4, 8, 23, 0, 26, 21, 28, 27, 19, 9, 24, 1, 11, 12]	0.0	0.0
[18, 26, 16, 7, 21, 5, 8, 9, 1, 0, 27, 12, 19, 20, 23]	1.000000000139778e-06	2.0000000000575113e-06
[24, 18, 11, 17, 13, 29, 15, 0, 27, 22, 14, 5, 2, 4, 20]	9.999999999177334e-07	1.9999999998354667e-06
[26, 17, 4, 15, 9, 13, 11, 20, 14, 5, 2, 21, 28, 16, 18]	0.0	0.0
[29, 15, 3, 22, 24, 14, 5, 0, 11, 1, 26, 25, 13, 12, 9]	9.999999999177334e-07	9.999999999177334e-07
[21, 1, 22, 10, 0, 3, 27, 25, 26, 7, 9, 17, 12, 18, 20]	2.0000000000575113e-06	0.0
[7, 22, 25, 13, 5, 11, 9, 4, 1, 14, 23, 18, 21, 3, 17]	1.000000000139778e-06	1.000000000139778e-06
[8, 15, 26, 12, 6, 23, 3, 1, 25, 11, 0, 22, 7, 28, 19]	9.999999999177334e-07	2.0000000000575113e-06
[9, 12, 16, 5, 1, 4, 25, 0, 13, 19, 28, 20, 29, 21, 23]	1.000000000139778e-06	9.999999999177334e-07
[9, 22, 8, 4, 2, 16, 6, 20, 28, 29, 13, 0, 19, 17, 27]	0.0	9.999999999177334e-07
[13, 5, 6, 19, 3, 26, 25, 15, 16, 0, 20, 24, 21, 27, 28]	1.9999999998354667e-06	9.999999999177334e-07
[20, 6, 22, 12, 19, 25, 9, 18, 3, 7, 29, 11, 26, 10, 4]	2.0000000000575113e-06	0.0
[26, 4, 19, 3, 22, 12, 20, 27, 17, 11, 10, 13, 23, 7, 9]	9.999999999177334e-07	1.000000000139778e-06
[7, 16, 10, 1, 17, 23, 20, 2, 4, 5, 14, 21, 19, 25, 11]	9.999999999177334e-07	2.0000000000575113e-06
[18, 15, 1, 21, 19, 20, 10, 17, 28, 14, 22, 7, 2, 8, 12]	9.999999999177334e-07	0.0
[24, 12, 28, 20, 10, 18, 19, 16, 5, 9, 2, 0, 13, 17, 4]	1.000000000139778e-06	0.0
[24, 20, 15, 6, 26, 17, 1, 18, 13, 22, 27, 5, 28, 0, 19]	9.999999999177334e-07	1.000000000139778e-06
[25, 3, 12, 2, 11, 17, 7, 27, 9, 26, 24, 22, 5, 29, 13]	0.0	9.999999999177334e-07
[9, 2, 4, 11, 5, 7, 22, 1, 16, 23, 18, 27, 26, 10, 29]	0.0	0.0
[7, 22, 3, 8, 23, 0, 10, 29, 12, 9, 1, 24, 16, 17, 13]	9.999999999177334e-07	9.999999999177334e-07
[9, 21, 0, 12, 14, 27, 16, 5, 18, 2, 23, 25, 11, 1, 24]	9.999999999177334e-07	0.0
[15, 4, 21, 13, 3, 27, 10, 6, 12, 7, 29, 0, 22, 17, 14]	0.0	2.0000000000575113e-06
[25, 28, 12, 29, 8, 19, 14, 2, 0, 11, 4, 22, 13, 18, 7]	0.0	9.999999999177334e-07
[5, 23, 24, 21, 2, 9, 4, 3, 27, 28, 8, 11, 13, 19, 26]	1.000000000139778e-06	9.999999999177334e-07
[4, 18, 15, 3, 29, 27, 12, 20, 16, 0, 8, 2, 7, 26, 10]	2.0000000000575113e-06	9.999999999177334e-07
[29, 10, 13, 24, 11, 28, 14, 3, 7, 9, 1, 5, 8, 23, 19]	2.0000000000575113e-06	9.999999999177334e-07
[9, 13, 18, 12, 3, 19, 8, 23, 7, 1, 11, 17, 4, 29, 25]	0.0	0.0
[26, 14, 8, 20, 13, 27, 6, 2, 29, 24, 9, 16, 22, 3, 11]	0.0	0.0
[22, 6, 19, 27, 11, 0, 5, 9, 28, 4, 13, 20, 10, 17, 12]	2.0000000000575113e-06	0.0
[8, 4, 24, 11, 23, 18, 15, 6, 20, 2, 21, 17, 19, 28, 12]	9.999999999177334e-07	0.0
[28, 3, 5, 18, 4, 25, 17, 20, 1, 19, 14, 22, 2, 27, 12]	0.0	0.0
[27, 26, 21, 5, 0, 2, 18, 13, 11, 8, 9, 29, 14, 15, 24]	0.0	9.999999999177334e-07
[5, 20, 7, 16, 15, 6, 9, 14, 22, 3, 17, 26, 25, 10, 18]	9.999999999177334e-07	1.000000000139778e-06
[12, 0, 13, 19, 17, 18, 10, 15, 20, 28, 5, 9, 4, 21, 29]	9.999999999177334e-07	0.0
[9, 26, 13, 23, 20, 17, 0, 29, 4, 15, 14, 21, 2, 18, 16]	2.0000000000575113e-06	0.0
[17, 27, 15, 24, 16, 23, 4, 6, 26, 7, 21, 22, 10, 8, 18]	1.000000000139778e-06	9.999999999177334e-07
[7, 18, 0, 8, 6, 26, 3, 27, 20, 22, 14, 24, 21, 11, 28]	0.0	2.0000000000575113e-06
[14, 7, 16, 18, 6, 13, 3, 4, 1, 0, 26, 19, 12, 8, 28]	9.999999999177334e-07	1.000000000139778e-06
[12, 6, 8, 15, 16, 0, 23, 22, 27, 17, 10, 2, 28, 20, 21]	0.0	0.0
[22, 28, 15, 18, 2, 14, 16, 25, 26, 13, 11, 19, 12, 7, 23]	1.9999999998354667e-06	1.9999999998354667e-06
[24, 19, 13, 1, 17, 15, 22, 26, 7, 4, 16, 3, 2, 10, 18]	9.999999999177334e-07	0.0
[7, 3, 2, 22, 13, 19, 4, 24, 10, 12, 11, 28, 15, 29, 14]	1.000000000139778e-06	1.000000000139778e-06
[20, 0, 16, 17, 24, 28, 10, 1, 7, 2, 27, 5, 21, 12, 15]	0.0	1.000000000139778e-06
[26, 23, 0, 19, 14, 12, 5, 10, 20, 13, 16, 2, 15, 29, 22]	0.0	9.999999999177334e-07
[6, 23, 18, 15, 7, 16, 1, 24, 10, 2, 19, 22, 11, 3, 5]	0.0	9.999999999177334e-07
[26, 12, 8, 1, 15, 28, 19, 13, 29, 22, 21, 25, 23, 3, 9]	0.0	0.0
[6, 15, 28, 24, 3, 12, 19, 8, 4, 25, 10, 22, 20, 5, 23]	2.0000000000575113e-06	1.000000000139778e-06
[1, 13, 17, 16, 29, 11, 6, 4, 21, 23, 9, 15, 5, 10, 7]	0.0	0.0
[26, 17, 21, 10, 23, 1, 15, 6, 24, 16, 11, 8, 20, 0, 2]	0.0	1.9999999998354667e-06
[27, 0, 4, 2, 19, 23, 20, 29, 13, 8, 22, 7, 24, 18, 21]	9.999999999177334e-07	9.999999999177334e-07
[29, 27, 26, 7, 25, 23, 28, 18, 15, 20, 22, 24, 13, 10, 4]	9.999999999177334e-07	0.0
[7, 20, 9, 27, 4, 16, 2, 14, 0, 17, 13, 22, 23, 18, 19]	1.000000000139778e-06	9.999999999177334e-07
[2, 18, 25, 17, 0, 19, 16, 5, 8, 10, 28, 24, 4, 15, 20]	1.000000000139778e-06	0.0
[4, 2, 3, 15, 7, 16, 14, 10, 29, 8, 22, 9, 24, 26, 13]	0.0	2.0000000000575113e-06
[9, 28, 23, 19, 11, 1, 20, 26, 4, 12, 22, 14, 27, 29, 17]	9.999999999177334e-07	1.000000000139778e-06
[19, 22, 11, 17, 24, 7, 0, 3, 8, 28, 10, 26, 16, 6, 4]	0.0	2.0000000000575113e-06
[22, 17, 0, 28, 10, 7, 4, 5, 19, 15, 12, 29, 2, 8, 27]	0.0	9.999999999177334e-07
[10, 0, 23, 24, 19, 20, 9, 26, 28, 17, 16, 15, 5, 21, 8]	1.000000000139778e-06	0.0
[12, 3, 5, 9, 15, 6, 1, 10, 27, 8, 28, 21, 24, 22, 7]	1.000000000139778e-06	2.0000000000575113e-06
[28, 29, 26, 19, 7, 24, 2, 1, 4, 22, 12, 13, 21, 27, 18]	0.0	0.0
[26, 20, 21, 9, 17, 23, 14, 16, 29, 22, 10, 7, 13, 12, 1]	1.000000000139778e-06	0.0
[4, 10, 16, 13, 7, 28, 1, 8, 29, 6, 15, 14, 5, 12, 24]	9.999999999177334e-07	0.0
[26, 12, 11, 22, 16, 14, 24, 2, 10, 6, 28, 15, 8, 23, 21]	0.0	0.0
[20, 29, 13, 14, 28, 15, 27, 8, 16, 17, 4, 1, 22, 21, 12]	2.0000000000575113e-06	9.999999999177334e-07
[1, 11, 28, 18, 24, 2, 26, 19, 21, 25, 5, 23, 22, 29, 10]	0.0	1.000000000139778e-06
[17, 13, 23, 25, 6, 16, 5, 0, 4, 21, 3, 24, 26, 29, 8]	1.000000000139778e-06	2.0000000000575113e-06
[22, 16, 18, 4, 3, 8, 2, 1, 9, 13, 28, 12, 24, 20, 17]	0.0	2.0000000000575113e-06
[23, 28, 25, 10, 9, 3, 4, 8, 19, 26, 6, 22, 0, 5, 16]	1.000000000139778e-06	1.000000000139778e-06
[3, 20, 22, 25, 21, 26, 10, 9, 5, 27, 8, 16, 28, 1, 12]	9.999999999177334e-07	9.999999999177334e-07
[1, 8, 10, 26, 21, 13, 20, 28, 29, 22, 19, 14, 18, 24, 3]	0.0	0.0
[8, 25, 1, 13, 29, 5, 14, 7, 4, 19, 10, 20, 22, 21, 16]	2.0000000000575113e-06	0.0
[28, 19, 29, 14, 2, 6, 20, 5, 27, 13, 24, 16, 17, 0, 1]	2.0000000000575113e-06	0.0
[10, 13, 4, 12, 21, 9, 15, 19, 22, 5, 27, 23, 20, 11, 14]	9.999999999177334e-07	1.9999999998354667e-06
[17, 0, 18, 13, 11, 19, 20, 24, 12, 26, 22, 4, 28, 1, 25]	1.000000000139778e-06	2.0000000000575113e-06
[26, 27, 23, 1, 17, 12, 14, 18, 0, 2, 11, 19, 9, 20, 3]	0.0	9.999999999177334e-07
[5, 17, 13, 22, 3, 8, 20, 16, 7, 15, 14, 6, 26, 0, 4]	0.0	0.0
[11, 14, 26, 8, 18, 22, 10, 5, 4, 2, 17, 9, 7, 6, 20]	9.999999999177334e-07	0.0
[28, 0, 10, 16, 22, 18, 11, 29, 24, 1, 26, 8, 19, 7, 5]	1.000000000139778e-06	0.0
[16, 17, 21, 13, 22, 27, 3, 19, 10, 24, 7, 4, 29, 5, 2]	2.0000000000575113e-06	0.0
[16, 12, 0, 5, 1, 7, 23, 27, 28, 20, 21, 2, 10, 24, 13]	0.0	9.999999999177334e-07
[28, 26, 20, 11, 1, 19, 24, 7, 23, 3, 27, 16, 17, 14, 9]	0.0	9.999999999177334e-07
[13, 21, 19, 12, 3, 22, 5, 17, 16, 23, 0, 14, 25, 29, 20]	9.999999999177334e-07	0.0
[20, 25, 27, 11, 23, 29, 26, 7, 16, 28, 6, 4, 1, 5, 19]	0.0	1.000000000139778e-06
[10, 16, 18, 7, 24, 14, 9, 17, 15, 22, 0, 19, 11, 1, 23]	9.999999999177334e-07	9.999999999177334e-07
[12, 13, 19, 10, 0, 4, 25, 15, 2, 17, 21, 3, 5, 23, 1]	2.0000000000575113e-06	0.0
[25, 4, 17, 20, 9, 18, 13, 2, 12, 24, 8, 11, 7, 27, 22]	9.999999999177334e-07	9.999999999177334e-07
[27, 9, 3, 7, 17, 13, 21, 14, 10, 18, 29, 1, 23, 5, 6]	9.999999999177334e-07	0.0
[14, 15, 12, 8, 19, 3, 27, 9, 25, 20, 6, 26, 24, 10, 2]	1.000000000139778e-06	9.999999999177334e-07
[17, 8, 13, 29, 16, 10, 7, 5, 1, 28, 4, 12, 11, 20, 3]	9.999999999177334e-07	1.000000000139778e-06
[11, 17, 7, 3, 28, 22, 4, 0, 29, 2, 26, 13, 16, 27, 6]	0.0	0.0
[8, 26, 1, 16, 3, 0, 27, 11, 7, 4, 19, 2, 28, 6, 17]	0.0	0.0
[28, 7, 6, 14, 19, 10, 0, 26, 21, 3, 29, 20, 27, 22, 9]	0.0	9.999999999177334e-07
[24, 27, 10, 0, 14, 13, 21, 29, 28, 25, 11, 16, 26, 18, 19]	9.999999999177334e-07	1.9999999998354667e-06
[2, 10, 24, 7, 15, 5, 27, 28, 23, 18, 9, 4, 20, 0, 19]	0.0	0.0
[14, 22, 24, 28, 2, 0, 1, 11, 4, 17, 18, 20, 21, 10, 29]	2.0000000000575113e-06	3.999999999892978e-06
[6, 18, 14, 15, 5, 13, 17, 0, 1, 20, 4, 19, 16, 21, 22]	4.000000000115023e-06	2.9999999999752447e-06
[8, 25, 0, 20, 24, 17, 11, 28, 1, 9, 6, 4, 22, 2, 10]	2.9999999999752447e-06	4.999999999810711e-06
[25, 4, 13, 22, 29, 27, 5, 23, 28, 19, 16, 21, 9, 8, 20]	3.999999999892978e-06	2.9999999999752447e-06
[3, 8, 4, 23, 19, 5, 24, 26, 15, 27, 9, 12, 29, 1, 13]	2.9999999999752447e-06	2.9999999999752447e-06
[1, 13, 16, 28, 25, 12, 18, 20, 3, 14, 5, 6, 23, 24, 11]	2.0000000000575113e-06	2.0000000000575113e-06
[28, 13, 27, 12, 3, 10, 14, 8, 1, 5, 23, 18, 29, 22, 25]	2.0000000000575113e-06	9.999999999177334e-07
[22, 17, 23, 20, 10, 21, 28, 2, 3, 15, 24, 11, 5, 16, 4]	0.0	1.000000000139778e-06
[15, 8, 24, 14, 5, 23, 7, 4, 25, 29, 16, 27, 21, 1, 19]	0.0	9.999999999177334e-07
[11, 17, 28, 22, 6, 19, 23, 24, 26, 20, 14, 8, 10, 1, 0]	1.000000000139778e-06	9.999999999177334e-07
[16, 8, 7, 2, 17, 24, 4, 3, 0, 12, 25, 21, 22, 20, 11]	2.0000000000575113e-06	9.999999999177334e-07
[25, 11, 10, 15, 21, 24, 13, 4, 29, 0, 3, 23, 27, 9, 14]	0.0	2.0000000000575113e-06
[9, 7, 25, 26, 11, 14, 13, 12, 5, 1, 29, 23, 24, 19, 15]	5.000000000032756e-06	2.0000000000575113e-06
[17, 7, 28, 0, 22, 9, 13, 25, 16, 1, 12, 14, 15, 29, 2]	2.9999999999752447e-06	9.999999999177334e-07
[3, 21, 16, 29, 13, 4, 20, 10, 5, 17, 27, 26, 24, 12, 8]	2.0000000000575113e-06	1.000000000139778e-06
[19, 2, 14, 4, 7, 15, 17, 10, 9, 28, 23, 12, 29, 0, 8]	3.0000000001972893e-06	2.9999999999752447e-06
[27, 24, 28, 14, 0, 18, 21, 19, 22, 5, 16, 29, 2, 15, 7]	2.0000000000575113e-06	9.999999999177334e-07
[7, 0, 24, 26, 4, 12, 25, 3, 9, 22, 16, 21, 8, 19, 18]	9.999999999177334e-07	9.999999999177334e-07
[20, 27, 1, 22, 15, 5, 11, 26, 8, 13, 19, 14, 4, 10, 28]	9.999999999177334e-07	0.0
[19, 3, 9, 20, 24, 23, 12, 2, 4, 14, 11, 13, 8, 27, 18]	1.000000000139778e-06	9.999999999177334e-07
[13, 16, 24, 10, 6, 18, 29, 11, 21, 23, 25, 17, 15, 22, 5]	9.999999999177334e-07	1.000000000139778e-06
[17, 19, 3, 15, 7, 4, 14, 29, 24, 20, 25, 23, 13, 26, 10]	9.999999999177334e-07	0.0
[21, 24, 20, 22, 17, 6, 2, 12, 26, 14, 5, 27, 7, 9, 13]	0.0	2.0000000000575113e-06
[26, 15, 21, 2, 3, 29, 10, 4, 22, 12, 25, 8, 7, 18, 13]	1.000000000139778e-06	2.0000000000575113e-06
[11, 7, 22, 14, 18, 9, 25, 15, 20, 13, 10, 29, 16, 21, 26]	2.9999999999752447e-06	2.9999999999752447e-06
[4, 0, 19, 8, 12, 3, 15, 22, 28, 7, 29, 25, 13, 21, 10]	1.000000000139778e-06	1.000000000139778e-06
[0, 23, 8, 25, 13, 12, 10, 6, 17, 11, 16, 9, 15, 27, 2]	0.0	1.9999999998354667e-06
[5, 24, 1, 19, 2, 7, 14, 12, 27, 20, 28, 8, 0, 9, 11]	0.0	9.999999999177334e-07
[16, 28, 1, 23, 29, 19, 7, 27, 2, 14, 15, 25, 10, 20, 11]	9.999999999177334e-07	2.0000000000575113e-06
[9, 11, 18, 14, 6, 8, 16, 4, 22, 15, 7, 29, 13, 10, 20]	2.9999999999752447e-06	6.000000000172534e-06
[0, 21, 5, 22, 8, 16, 26, 13, 28, 17, 27, 1, 23, 18, 7]	4.999999999810711e-06	1.9999999998354667e-06
[8, 11, 14, 25, 4, 27, 2, 13, 15, 26, 23, 29, 21, 7, 24]	0.0	2.0000000000575113e-06
[26, 10, 23, 22, 13, 7, 24, 20, 28, 29, 19, 27, 3, 0, 4]	3.0000000001972893e-06	2.9999999999752447e-06
[16, 2, 13, 8, 6, 28, 29, 27, 21, 18, 17, 7, 9, 20, 22]	1.9999999998354667e-06	0.0
[22, 28, 6, 24, 19, 14, 25, 4, 7, 27, 0, 11, 18, 26, 12]	1.000000000139778e-06	9.999999999177334e-07
[3, 5, 23, 29, 16, 1, 24, 22, 14, 9, 20, 7, 28, 13, 25]	2.0000000000575113e-06	9.999999999177334e-07
[10, 11, 0, 21, 2, 6, 29, 4, 22, 20, 5, 25, 27, 17, 1]	9.999999999177334e-07	9.999999999177334e-07
[18, 25, 12, 21, 10, 5, 0, 23, 14, 28, 27, 1, 22, 8, 3]	2.0000000000575113e-06	9.999999999177334e-07
[21, 13, 4, 15, 26, 23, 2, 19, 10, 5, 18, 17, 24, 1, 20]	1.9999999998354667e-06	0.0
[15, 8, 1, 20, 0, 29, 24, 9, 28, 7, 21, 27, 2, 11, 17]	0.0	2.0000000000575113e-06
[26, 18, 15, 27, 2, 16, 8, 3, 17, 11, 9, 13, 5, 24, 21]	1.000000000139778e-06	2.0000000000575113e-06
[29, 7, 20, 21, 14, 12, 27, 0, 24, 10, 2, 9, 11, 22, 3]	9.999999999177334e-07	2.9999999999752447e-06
[18, 5, 2, 17, 12, 0, 24, 16, 15, 20, 21, 1, 10, 23, 3]	9.999999999177334e-07	9.999999999177334e-07
[18, 22, 25, 4, 6, 1, 13, 19, 10, 2, 16, 12, 20, 3, 9]	1.000000000139778e-06	0.0
[22, 9, 1, 12, 14, 8, 26, 20, 18, 15, 19, 17, 13, 27, 29]	9.999999999177334e-07	9.999999999177334e-07
[23, 11, 15, 25, 1, 27, 28, 18, 2, 13, 24, 14, 3, 22, 12]	0.0	9.999999999177334e-07
[20, 1, 3, 27, 5, 18, 14, 13, 12, 28, 9, 6, 0, 23, 22]	9.999999999177334e-07	0.0
[16, 20, 23, 11, 29, 22, 5, 4, 12, 21, 27, 0, 18, 6, 25]	0.0	2.0000000000575113e-06
[11, 29, 1, 23, 22, 13, 15, 0, 21, 7, 16, 14, 3, 10, 6]	0.0	1.9999999998354667e-06
[17, 23, 26, 19, 13, 28, 2, 18, 25, 6, 21, 14, 16, 7, 11]	0.0	9.999999999177334e-07
[28, 25, 9, 6, 23, 22, 12, 20, 16, 21, 17, 15, 7, 4, 18]	9.999999999177334e-07	1.000000000139778e-06
[21, 4, 8, 16, 27, 14, 24, 10, 3, 22, 9, 5, 0, 29, 13]	9.999999999177334e-07	1.000000000139778e-06
[3, 19, 7, 25, 1, 15, 28, 13, 2, 20, 12, 14, 18, 0, 11]	9.999999999177334e-07	1.9999999998354667e-06
[26, 24, 29, 25, 12, 4, 16, 20, 27, 15, 18, 19, 10, 17, 8]	9.999999999177334e-07	9.999999999177334e-07
[17, 8, 10, 26, 19, 29, 22, 18, 7, 25, 21, 20, 11, 5, 24]	9.999999999177334e-07	0.0
[9, 15, 1, 18, 13, 5, 26, 29, 0, 6, 17, 21, 10, 22, 25]	9.999999999177334e-07	0.0
[2, 7, 22, 12, 13, 28, 24, 29, 0, 11, 18, 6, 3, 4, 16]	2.0000000000575113e-06	9.999999999177334e-07
[26, 28, 0, 27, 21, 9, 14, 7, 19, 22, 15, 11, 8, 10, 20]	2.0000000000575113e-06	0.0
[6, 16, 9, 29, 23, 10, 27, 3, 20, 0, 1, 5, 15, 25, 4]	0.0	9.999999999177334e-07
[25, 21, 4, 26, 3, 23, 7, 18, 11, 14, 24, 19, 8, 28, 17]	1.000000000139778e-06	2.0000000000575113e-06
[25, 19, 9, 0, 14, 29, 13, 6, 2, 3, 23, 11, 24, 26, 21]	1.000000000139778e-06	3.999999999892978e-06
[14, 24, 20, 6, 26, 22, 9, 12, 0, 18, 8, 2, 27, 29, 3]	9.999999999177334e-07	0.0
[3, 1, 4, 21, 20, 22, 16, 9, 14, 23, 26, 24, 19, 28, 27]	9.999999999177334e-07	0.0
[16, 11, 29, 18, 25, 1, 3, 22, 28, 21, 0, 26, 19, 15, 10]	0.0	9.999999999177334e-07
[29, 17, 3, 12, 27, 13, 9, 5, 22, 19, 25, 10, 18, 24, 6]	0.0	1.9999999998354667e-06
[16, 10, 9, 8, 28, 19, 3, 26, 2, 12, 25, 21, 20, 7, 15]	0.0	9.999999999177334e-07
[8, 1, 5, 0, 25, 12, 18, 16, 22, 2, 11, 7, 28, 21, 10]	0.0	9.999999999177334e-07
[13, 8, 5, 9, 29, 24, 17, 22, 27, 0, 21, 23, 14, 12, 19]	9.999999999177334e-07	0.0
[1, 21, 4, 0, 18, 5, 12, 27, 15, 22, 29, 17, 6, 25, 9]	1.000000000139778e-06	9.999999999177334e-07
[28, 25, 13, 11, 0, 21, 26, 17, 20, 6, 19, 18, 16, 9, 29]	9.999999999177334e-07	1.000000000139778e-06
[29, 4, 24, 2, 18, 15, 12, 27, 3, 14, 26, 11, 0, 17, 13]	0.0	2.0000000000575113e-06
[1, 21, 9, 20, 11, 8, 6, 14, 23, 19, 27, 5, 25, 24, 12]	0.0	9.999999999177334e-07
[11, 17, 6, 14, 15, 25, 5, 7, 28, 8, 12, 26, 19, 24, 9]	0.0	0.0
[18, 5, 21, 3, 2, 1, 12, 9, 28, 16, 29, 7, 19, 25, 22]	1.000000000139778e-06	0.0
[21, 14, 0, 11, 26, 5, 20, 3, 9, 25, 15, 29, 27, 23, 17]	1.000000000139778e-06	0.0
[12, 2, 27, 13, 14, 23, 3, 4, 29, 10, 11, 9, 24, 21, 19]	1.000000000139778e-06	9.999999999177334e-07
[15, 2, 1, 17, 13, 5, 18, 16, 24, 10, 4, 6, 3, 27, 19]	0.0	9.999999999177334e-07
[14, 20, 6, 21, 3, 27, 7, 0, 5, 25, 19, 22, 15, 10, 8]	0.0	2.0000000000575113e-06
[22, 26, 19, 12, 21, 24, 2, 7, 23, 27, 5, 3, 8, 18, 9]	2.0000000000575113e-06	0.0
[5, 25, 4, 0, 3, 21, 29, 20, 12, 22, 18, 10, 17, 9, 27]	1.000000000139778e-06	9.999999999177334e-07
[2, 6, 16, 28, 4, 21, 25, 24, 29, 12, 14, 17, 10, 19, 0]	2.0000000000575113e-06	0.0
[15, 26, 19, 7, 10, 25, 4, 6, 18, 2, 0, 1, 8, 3, 9]	0.0	1.000000000139778e-06
[5, 26, 19, 18, 22, 20, 6, 8, 29, 0, 16, 10, 21, 3, 4]	9.999999999177334e-07	2.0000000000575113e-06
[12, 5, 25, 10, 16, 4, 26, 17, 11, 2, 23, 6, 20, 27, 18]	1.000000000139778e-06	9.999999999177334e-07
[11, 18, 1, 29, 10, 15, 13, 25, 26, 20, 22, 0, 4, 2, 3]	9.999999999177334e-07	0.0
[15, 29, 12, 20, 22, 0, 11, 4, 25, 9, 8, 2, 26, 7, 13]	2.0000000000575113e-06	0.0
[16, 24, 17, 2, 9, 15, 5, 1, 7, 22, 23, 19, 10, 4, 3]	2.0000000000575113e-06	1.000000000139778e-06
[4, 26, 7, 24, 22, 27, 8, 6, 23, 21, 9, 11, 20, 19, 18]	1.000000000139778e-06	0.0
