T_merge	T_heap
7.0000005507608876e-06	9.99999429041054e-07
1.99999976757681e-06	9.99999429041054e-07
1.0000003385357559e-06	1.0000003385357559e-06
1.0000003385357559e-06	9.99999429041054e-07
1.0000003385357559e-06	9.99999429041054e-07
1.99999976757681e-06	9.99999429041054e-07
9.99999429041054e-07	1.0000003385357559e-06
1.0000003385357559e-06	1.99999976757681e-06
1.99999976757681e-06	9.99999429041054e-07
1.99999976757681e-06	9.99999429041054e-07
1.0000003385357559e-06	1.0000003385357559e-06
1.99999976757681e-06	9.99999429041054e-07
1.99999976757681e-06	9.99999429041054e-07
2.0000006770715117e-06	9.99999429041054e-07
1.0000003385357559e-06	9.99999429041054e-07
9.99999429041054e-07	1.99999976757681e-06
1.99999976757681e-06	1.0000003385357559e-06
1.0000003385357559e-06	1.0000003385357559e-06
9.99999429041054e-07	2.0000006770715117e-06
1.0000003385357559e-06	9.99999429041054e-07
1.0000003385357559e-06	1.0000003385357559e-06
9.99999429041054e-07	1.99999976757681e-06
9.99999429041054e-07	1.0000003385357559e-06
9.99999429041054e-07	1.0000003385357559e-06
1.99999976757681e-06	1.99999976757681e-06
2.0000006770715117e-06	9.99999429041054e-07
9.99999429041054e-07	1.0000003385357559e-06
1.0000003385357559e-06	1.99999976757681e-06
1.0000003385357559e-06	1.0000003385357559e-06
1.99999976757681e-06	1.99999976757681e-06
1.99999976757681e-06	1.99999976757681e-06
9.99999429041054e-07	9.99999429041054e-07
9.99999429041054e-07	1.0000003385357559e-06
1.99999976757681e-06	1.0000003385357559e-06
1.99999976757681e-06	1.99999976757681e-06
1.0000003385357559e-06	9.99999429041054e-07
2.0000006770715117e-06	9.99999429041054e-07
9.99999429041054e-07	2.0000006770715117e-06
1.99999976757681e-06	9.99999429041054e-07
1.99999976757681e-06	1.99999976757681e-06
1.0000003385357559e-06	9.99999429041054e-07
1.99999976757681e-06	1.99999976757681e-06
1.0000003385357559e-06	1.0000003385357559e-06
9.99999429041054e-07	2.0000006770715117e-06
1.99999976757681e-06	1.0000003385357559e-06
1.0000003385357559e-06	2.0000006770715117e-06
1.0000003385357559e-06	2.0000006770715117e-06
1.99999976757681e-06	2.0000006770715117e-06
1.99999976757681e-06	1.99999976757681e-06
1.99999976757681e-06	5.000000783184078e-06
9.99999429041054e-07	1.0000003385357559e-06
1.0000003385357559e-06	1.99999976757681e-06
1.0000003385357559e-06	1.0000003385357559e-06
1.99999976757681e-06	1.0000003385357559e-06
1.0000003385357559e-06	9.99999429041054e-07
9.99999429041054e-07	9.99999429041054e-07
2.0000006770715117e-06	2.0000006770715117e-06
1.0000003385357559e-06	2.0000006770715117e-06
1.0000003385357559e-06	2.0000006770715117e-06
1.99999976757681e-06	1.0000003385357559e-06
1.0000003385357559e-06	1.0000003385357559e-06
1.0000003385357559e-06	1.0000003385357559e-06
1.0000003385357559e-06	2.0000006770715117e-06
1.99999976757681e-06	1.0000003385357559e-06
2.0000006770715117e-06	2.2000000171829015e-05
3.000000106112566e-06	1.99999976757681e-06
1.99999976757681e-06	1.99999976757681e-06
1.99999976757681e-06	1.0000003385357559e-06
1.0000003385357559e-06	1.0000003385357559e-06
1.0000003385357559e-06	9.99999429041054e-07
9.99999429041054e-07	1.0000003385357559e-06
9.99999429041054e-07	9.99999429041054e-07
1.0000003385357559e-06	1.99999976757681e-06
1.99999976757681e-06	9.99999429041054e-07
4.999999873689376e-06	1.99999976757681e-06
2.0000006770715117e-06	9.99999429041054e-07
2.1999999262334313e-05	9.99999429041054e-07
1.0000003385357559e-06	1.0000003385357559e-06
1.0000003385357559e-06	9.99999429041054e-07
1.0000003385357559e-06	9.99999429041054e-07
1.0000003385357559e-06	1.0000003385357559e-06
9.99999429041054e-07	1.99999976757681e-06
1.0000003385357559e-06	1.99999976757681e-06
9.99999429041054e-07	1.99999976757681e-06
9.99999429041054e-07	1.99999976757681e-06
1.99999976757681e-06	1.99999976757681e-06
1.0000003385357559e-06	1.0000003385357559e-06
1.0000003385357559e-06	9.99999429041054e-07
1.0000003385357559e-06	1.99999976757681e-06
1.0000003385357559e-06	2.0000006770715117e-06
1.99999976757681e-06	9.99999429041054e-07
3.300000025774352e-05	1.0000003385357559e-06
1.0000003385357559e-06	1.0000003385357559e-06
1.0000003385357559e-06	1.0000003385357559e-06
1.99999976757681e-06	9.99999429041054e-07
1.99999976757681e-06	1.0000003385357559e-06
9.99999429041054e-07	9.99999429041054e-07
1.0000003385357559e-06	1.0000003385357559e-06
1.0000003385357559e-06	1.0000003385357559e-06
1.99999976757681e-06	3.99999953515362e-06
1.0000003385357559e-06	1.0000003385357559e-06
