T_merge	T_heap
6.000000212225132e-06	9.99999429041054e-07
9.99999429041054e-07	1.0000003385357559e-06
1.0000003385357559e-06	1.0000003385357559e-06
2.0000006770715117e-06	1.0000003385357559e-06
1.0000003385357559e-06	1.0000003385357559e-06
9.99999429041054e-07	1.99999976757681e-06
2.0000006770715117e-06	1.0000003385357559e-06
1.99999976757681e-06	1.0000003385357559e-06
1.0000003385357559e-06	9.99999429041054e-07
9.99999429041054e-07	9.99999429041054e-07
1.99999976757681e-06	1.0000003385357559e-06
9.99999429041054e-07	1.0000003385357559e-06
1.99999976757681e-06	1.0000003385357559e-06
2.0000006770715117e-06	1.99999976757681e-06
1.0000003385357559e-06	1.99999976757681e-06
9.99999429041054e-07	9.99999429041054e-07
1.99999976757681e-06	1.0000003385357559e-06
3.000000106112566e-06	1.99999976757681e-06
1.0000003385357559e-06	1.99999976757681e-06
1.0000003385357559e-06	1.99999976757681e-06
1.99999976757681e-06	1.99999976757681e-06
1.0000003385357559e-06	1.0000003385357559e-06
1.0000003385357559e-06	1.0000003385357559e-06
1.0000003385357559e-06	3.99999953515362e-06
1.0000003385357559e-06	2.0000006770715117e-06
1.0000003385357559e-06	1.0000003385357559e-06
1.0000003385357559e-06	9.99999429041054e-07
1.99999976757681e-06	1.99999976757681e-06
1.0000003385357559e-06	1.0000003385357559e-06
1.99999976757681e-06	1.99999976757681e-06
1.99999976757681e-06	1.99999976757681e-06
1.99999976757681e-06	1.99999976757681e-06
1.0000003385357559e-06	9.99999429041054e-07
9.99999429041054e-07	1.0000003385357559e-06
1.99999976757681e-06	1.99999976757681e-06
1.0000003385357559e-06	2.0000006770715117e-06
1.99999976757681e-06	1.0000003385357559e-06
1.0000003385357559e-06	1.99999976757681e-06
1.99999976757681e-06	9.99999429041054e-07
1.99999976757681e-06	6.999999641266186e-06
1.0000003385357559e-06	1.0000003385357559e-06
1.99999976757681e-06	1.0000003385357559e-06
9.99999429041054e-07	9.99999429041054e-07
1.99999976757681e-06	1.0000003385357559e-06
9.99999429041054e-07	1.0000003385357559e-06
1.0000003385357559e-06	1.99999976757681e-06
1.0000003385357559e-06	1.0000003385357559e-06
1.99999976757681e-06	2.0000006770715117e-06
1.0000003385357559e-06	2.0000006770715117e-06
1.99999976757681e-06	9.99999429041054e-07
1.0000003385357559e-06	1.0000003385357559e-06
1.0000003385357559e-06	3.000000106112566e-06
2.0000006770715117e-06	1.0000003385357559e-06
1.0000003385357559e-06	1.0000003385357559e-06
2.0000006770715117e-06	1.0000003385357559e-06
1.99999976757681e-06	1.99999976757681e-06
9.99999429041054e-07	1.99999976757681e-06
1.0000003385357559e-06	1.0000003385357559e-06
1.0000003385357559e-06	1.0000003385357559e-06
1.99999976757681e-06	1.0000003385357559e-06
9.99999429041054e-07	1.0000003385357559e-06
9.99999429041054e-07	1.99999976757681e-06
1.0000003385357559e-06	1.99999976757681e-06
1.0000003385357559e-06	2.0000006770715117e-06
1.99999976757681e-06	1.0000003385357559e-06
1.99999976757681e-06	1.0000003385357559e-06
9.99999429041054e-07	2.0000006770715117e-06
1.99999976757681e-06	1.0000003385357559e-06
9.99999429041054e-07	2.0000006770715117e-06
1.0000003385357559e-06	1.99999976757681e-06
1.0000003385357559e-06	9.99999429041054e-07
1.99999976757681e-06	9.99999429041054e-07
1.99999976757681e-06	2.0000006770715117e-06
9.99999429041054e-07	1.0000003385357559e-06
9.99999429041054e-07	1.0000003385357559e-06
1.0000003385357559e-06	1.0000003385357559e-06
1.0000003385357559e-06	1.99999976757681e-06
1.99999976757681e-06	2.0000006770715117e-06
2.999999196617864e-06	1.0000003385357559e-06
1.0000003385357559e-06	1.0000003385357559e-06
1.0000003385357559e-06	9.99999429041054e-07
6.999999641266186e-06	1.99999976757681e-06
6.000000212225132e-06	1.99999976757681e-06
6.000000212225132e-06	1.99999976757681e-06
6.999999641266186e-06	9.99999429041054e-07
9.99999429041054e-07	1.0000003385357559e-06
1.99999976757681e-06	1.99999976757681e-06
2.0000006770715117e-06	1.99999976757681e-06
1.0000003385357559e-06	1.99999976757681e-06
1.99999976757681e-06	1.99999976757681e-06
1.99999976757681e-06	3.000000106112566e-06
1.99999976757681e-06	9.99999429041054e-07
9.99999429041054e-07	2.0000006770715117e-06
9.99999429041054e-07	1.99999976757681e-06
9.99999429041054e-07	9.99999429041054e-07
1.99999976757681e-06	1.99999976757681e-06
1.0000003385357559e-06	2.0000006770715117e-06
1.99999976757681e-06	2.0000006770715117e-06
1.99999976757681e-06	1.0000003385357559e-06
9.99999429041054e-07	1.99999976757681e-06
1.0000003385357559e-06	1.99999976757681e-06
