T_merge	T_heap
7.0000005507608876e-06	9.99999429041054e-07
9.99999429041054e-07	1.0000003385357559e-06
1.0000003385357559e-06	9.99999429041054e-07
1.0000003385357559e-06	1.0000003385357559e-06
1.0000003385357559e-06	9.99999429041054e-07
1.0000003385357559e-06	1.0000003385357559e-06
9.99999429041054e-07	1.0000003385357559e-06
1.0000003385357559e-06	1.99999976757681e-06
9.99999429041054e-07	9.99999429041054e-07
1.99999976757681e-06	1.0000003385357559e-06
1.0000003385357559e-06	1.0000003385357559e-06
1.0000003385357559e-06	1.0000003385357559e-06
9.99999429041054e-07	1.0000003385357559e-06
1.99999976757681e-06	1.99999976757681e-06
1.0000003385357559e-06	1.0000003385357559e-06
1.0000003385357559e-06	1.0000003385357559e-06
1.0000003385357559e-06	1.99999976757681e-06
1.99999976757681e-06	1.0000003385357559e-06
2.0000006770715117e-06	9.99999429041054e-07
1.99999976757681e-06	1.99999976757681e-06
9.99999429041054e-07	1.0000003385357559e-06
2.0000006770715117e-06	1.0000003385357559e-06
9.99999429041054e-07	1.0000003385357559e-06
1.0000003385357559e-06	1.0000003385357559e-06
1.0000003385357559e-06	1.0000003385357559e-06
6.000000212225132e-06	4.000000444648322e-06
9.99999429041054e-07	9.99999429041054e-07
1.99999976757681e-06	1.0000003385357559e-06
1.0000003385357559e-06	1.0000003385357559e-06
2.0000006770715117e-06	2.0000006770715117e-06
1.99999976757681e-06	4.999999873689376e-06
3.99999953515362e-06	1.0000003385357559e-06
9.99999429041054e-07	1.0000003385357559e-06
2.0000006770715117e-06	1.99999976757681e-06
1.0000003385357559e-06	1.0000003385357559e-06
9.99999429041054e-07	9.99999429041054e-07
1.0000003385357559e-06	1.0000003385357559e-06
1.0000003385357559e-06	1.99999976757681e-06
1.99999976757681e-06	1.0000003385357559e-06
2.0000006770715117e-06	1.0000003385357559e-06
1.99999976757681e-06	2.0000006770715117e-06
3.400000059627928e-05	9.99999429041054e-07
1.99999976757681e-06	2.0000006770715117e-06
1.0000003385357559e-06	2.0000006770715117e-06
1.99999976757681e-06	1.0000003385357559e-06
1.99999976757681e-06	1.99999976757681e-06
9.99999429041054e-07	1.0000003385357559e-06
1.99999976757681e-06	1.99999976757681e-06
9.99999429041054e-07	1.99999976757681e-06
1.0000003385357559e-06	1.0000003385357559e-06
1.0000003385357559e-06	1.0000003385357559e-06
1.0000003385357559e-06	1.0000003385357559e-06
2.0000006770715117e-06	1.0000003385357559e-06
9.99999429041054e-07	1.0000003385357559e-06
1.0000003385357559e-06	1.0000003385357559e-06
2.0000006770715117e-06	1.99999976757681e-06
9.99999429041054e-07	1.99999976757681e-06
9.99999429041054e-07	1.0000003385357559e-06
1.0000003385357559e-06	9.99999429041054e-07
1.99999976757681e-06	1.99999976757681e-06
9.99999429041054e-07	1.0000003385357559e-06
1.99999976757681e-06	1.99999976757681e-06
9.99999429041054e-07	9.99999429041054e-07
1.0000003385357559e-06	1.0000003385357559e-06
3.199999991920777e-05	1.0000003385357559e-06
2.0000006770715117e-06	1.99999976757681e-06
1.99999976757681e-06	1.0000003385357559e-06
3.000000106112566e-06	1.0000003385357559e-06
9.99999429041054e-07	1.0000003385357559e-06
9.99999429041054e-07	2.0000006770715117e-06
1.99999976757681e-06	1.0000003385357559e-06
1.99999976757681e-06	1.99999976757681e-06
1.0000003385357559e-06	1.0000003385357559e-06
1.99999976757681e-06	1.99999976757681e-06
1.0000003385357559e-06	1.99999976757681e-06
1.99999976757681e-06	1.0000003385357559e-06
9.99999429041054e-07	2.0000006770715117e-06
1.99999976757681e-06	1.4000000192027073e-05
2.0000006770715117e-06	1.99999976757681e-06
1.99999976757681e-06	3.000000106112566e-06
1.99999976757681e-06	3.000000106112566e-06
1.0000003385357559e-06	1.0000003385357559e-06
3.000000106112566e-06	3.000000106112566e-06
2.0000006770715117e-06	1.99999976757681e-06
1.0000003385357559e-06	9.99999429041054e-07
1.0000003385357559e-06	9.99999429041054e-07
1.99999976757681e-06	2.0000006770715117e-06
3.000000106112566e-06	1.99999976757681e-06
1.0000003385357559e-06	2.999999196617864e-06
3.000000106112566e-06	1.0000003385357559e-06
1.99999976757681e-06	1.0000003385357559e-06
9.99999429041054e-07	1.0000003385357559e-06
1.99999976757681e-06	3.000000106112566e-06
1.0000003385357559e-06	4.999999873689376e-06
1.0000003385357559e-06	1.0000003385357559e-06
9.99999429041054e-07	2.0000006770715117e-06
1.99999976757681e-06	1.0000003385357559e-06
3.99999953515362e-06	1.0000003385357559e-06
1.99999976757681e-06	1.0000003385357559e-06
1.99999976757681e-06	3.99999953515362e-06
1.99999976757681e-06	9.99999429041054e-07
